Car 1.9551 4.2468 1.4943 42.6453 -1.5631 -0.1665 1.4330 0.9692
Car 1.9670 4.6322 1.7730 13.7732 17.5869 -1.3238 4.5319 0.9657
Car 2.0909 4.6956 1.5407 28.4943 6.6409 -0.7427 1.8971 0.9630
Car 2.1583 4.3335 1.5293 39.8116 1.3935 -0.2975 1.4397 0.9622
Car 2.1635 4.3593 1.5686 37.2158 4.5438 -0.4982 1.5333 0.9575
Car 2.0908 4.5065 1.5696 9.7698 25.2637 -1.5038 -0.0406 0.9509
Car 2.0575 4.3610 1.5508 9.1184 32.4927 -1.4988 -0.0348 0.9478
Car 2.0827 4.5783 1.8043 31.7197 10.5168 -0.5603 1.9070 0.9385
Car 1.9716 5.5021 1.5851 19.7708 15.7128 -1.1732 2.6173 0.9369
Car 2.0115 4.6268 1.8038 23.2576 10.5167 -0.9987 2.2645 0.9335
Car 2.0468 4.3303 1.6100 2.8041 29.2657 -1.8250 -0.0543 0.9321
Car 1.8429 4.2663 1.5104 9.7112 -23.7921 -1.5591 0.1998 0.9320
Car 2.0404 4.4430 1.5658 15.7923 -47.7084 -1.2069 3.0478 0.9258
Car 1.9999 4.3658 1.5733 16.7288 -54.6997 -0.8480 2.9707 0.9011
Car 1.9451 4.3678 1.6699 2.2050 35.8675 -1.8478 -0.0311 0.8984
Cyclist 0.8987 1.9048 1.6152 4.2393 24.4898 -1.6352 -0.0164 0.8977
Car 1.9303 4.5531 1.7403 24.9585 13.6569 -1.0123 2.1598 0.8853
Truck 3.0872 12.4970 3.6914 5.2854 40.5136 -1.5977 -0.0721 0.8799
Truck 3.1125 12.3327 3.5596 11.3973 -13.9828 -1.3449 0.6261 0.8786
Car 2.2167 4.4469 1.8304 37.9353 8.0336 -0.4582 1.5913 0.8753
Car 1.9296 4.4594 1.6395 41.3534 21.9466 -0.0800 -0.1826 0.8668
Cyclist 0.8167 1.7803 1.5881 0.7508 24.2926 -1.8496 -0.0832 0.8555
Pedestrian 0.5537 0.5889 1.6743 9.3292 18.7501 -1.3549 1.2524 0.8433
Car 2.0075 4.3912 1.6437 51.0249 9.1953 0.2069 1.4325 0.8303
Pedestrian 0.6742 0.5030 1.6602 19.6846 19.2451 -1.0929 -1.7483 0.8285
Car 1.9847 4.3294 1.7214 35.4428 28.6903 -0.2263 1.3616 0.8229
Cyclist 0.6300 1.9395 1.5496 5.1357 -11.6271 -1.8050 0.3374 0.8196
Truck 3.0541 12.4698 3.6794 8.4175 -38.3610 -1.5397 -0.0608 0.8180
Car 1.8741 4.3512 1.5488 19.6376 -53.7723 -0.9560 3.0197 0.8144
Car 1.9933 4.4064 1.6190 22.1880 20.1841 -1.1637 2.5962 0.8060
Pedestrian 0.5414 0.7067 1.6913 10.8134 20.7054 -1.3813 1.3519 0.8044
Pedestrian 0.6960 0.6231 1.7005 10.3625 18.5998 -1.3855 1.0881 0.7866
Car 1.9854 4.5021 1.6010 14.8887 -38.0290 -1.3251 3.0672 0.7750
Car 1.8847 4.3712 1.5580 43.9365 8.2927 -0.2184 1.5067 0.7744
Car 2.1362 4.4501 1.7618 44.4905 5.2008 -0.0917 1.5386 0.7664
Car 1.8838 4.3763 1.5686 18.5428 -46.6981 -1.0457 3.0470 0.7466
Pedestrian 0.7273 0.6157 1.7674 11.4777 19.0209 -1.3529 1.0748 0.7368
Pedestrian 0.4590 0.3630 1.6590 9.2027 20.5370 -1.3318 -1.7185 0.7090
Car 1.8494 4.3111 1.5389 20.2258 -60.3715 -0.7041 3.0090 0.6940
Car 2.2839 5.1225 2.5423 5.9366 29.3011 -1.6076 -0.0793 0.6829
Cyclist 0.8425 1.9599 1.5650 37.3733 -13.5518 -0.5484 2.6994 0.6745
Pedestrian 0.6278 0.5160 1.6942 28.2701 19.6912 -0.9082 -1.8392 0.6737
Pedestrian 0.5304 0.6556 1.5994 7.3009 19.8106 -1.5663 -1.7475 0.6722
Pedestrian 0.4924 0.5103 1.6268 2.9845 19.9122 -1.7197 2.7315 0.6681
Pedestrian 0.7805 0.6507 1.7562 6.7757 6.0024 -1.5266 -1.7938 0.6654
Car 1.8955 4.3630 1.5649 20.1916 29.1539 -1.2843 3.1489 0.6489
Car 1.8865 4.3380 1.6631 57.0300 9.6725 0.1433 1.4564 0.6475
Car 1.8967 4.3591 1.6530 65.5345 10.7462 0.3224 1.4828 0.6411
Pedestrian 0.5497 0.4516 1.6795 11.6742 23.7311 -0.9616 -2.9404 0.6229
Pedestrian 0.4570 0.3752 1.6241 29.8118 31.5950 -0.5900 -0.0934 0.5859
Pedestrian 0.4764 0.4310 1.6986 10.7681 19.8905 -1.3722 1.3904 0.5649
Cyclist 0.5942 1.5813 1.5292 2.3873 18.4549 -1.6552 -0.2193 0.5564
Cyclist 0.6162 1.9543 1.4612 31.6138 -16.3947 -0.6433 3.7617 0.5563
Truck 2.8707 10.3226 2.7908 52.7757 6.1233 0.3208 1.4208 0.5554
Pedestrian 0.5213 0.4145 1.6277 28.6340 33.1442 -0.6904 3.0731 0.5454
Truck 2.3870 6.4942 2.7397 1.7355 43.6138 -1.3730 -0.0787 0.5444
Pedestrian 0.4285 0.3415 1.6602 33.3766 15.6226 -0.5211 1.2241 0.5204
Pedestrian 0.5487 0.4408 1.5756 27.8741 50.9620 -0.7603 -0.0140 0.5179
Pedestrian 0.3713 0.3911 1.6541 32.5662 14.9225 -0.5153 1.7711 0.5006
Pedestrian 0.5366 0.4735 1.6828 12.7223 19.9778 -1.4349 4.4928 0.4935
Pedestrian 0.5072 0.3475 1.5722 35.0471 -14.4941 -0.5639 -0.8372 0.4893
Truck 2.6263 6.9323 2.7772 26.0437 -25.6157 -0.6396 -0.2434 0.4849
Pedestrian 0.3754 0.3339 1.6180 10.3134 21.3919 -1.3339 -1.8346 0.4843
Pedestrian 0.3749 0.3387 1.6340 18.6049 21.5332 -1.2601 1.1175 0.4817
Pedestrian 0.4191 0.4600 1.6602 9.3345 19.6014 -1.3524 4.5181 0.4789
Cyclist 0.5860 1.8294 1.5046 33.8094 -14.3543 -0.6472 3.6745 0.4754
Pedestrian 0.6182 0.5731 1.7430 8.2817 17.6133 -1.4719 1.1476 0.4745
Cyclist 0.9047 1.8720 1.6729 0.0472 6.8056 -1.5395 -0.1307 0.4742
Pedestrian 0.6508 0.5099 1.6763 31.4057 17.3529 -0.6042 3.9807 0.4530
Pedestrian 0.5665 0.3674 1.6274 -1.7165 -6.7940 -1.9548 3.0254 0.4490
Pedestrian 0.3565 0.3391 1.6273 17.6710 20.7488 -1.2245 -1.7778 0.4444
Pedestrian 0.3992 0.3792 1.6756 25.5272 22.2373 -0.9676 2.8586 0.4389
Car 1.9954 4.4126 1.6562 44.7428 59.4313 0.5500 4.7068 0.4378
Car 1.8535 4.3608 1.5608 10.0882 39.4896 -1.2333 3.1596 0.4335
Pedestrian 0.5742 0.3045 1.7128 28.7672 21.8452 -0.7522 1.3489 0.4245
Pedestrian 0.4424 0.3346 1.6471 29.1763 18.5922 -0.8903 1.4350 0.4230
Cyclist 0.6185 1.6862 1.4836 33.4646 -15.5279 -0.6218 4.0274 0.4216
Pedestrian 0.5513 0.3644 1.6486 54.3112 17.3341 0.3024 1.4628 0.4154
Pedestrian 0.4566 0.4333 1.7004 29.7823 16.9163 -0.9202 4.5549 0.3928
Pedestrian 0.3305 0.3416 1.6411 13.7113 20.0698 -1.0848 4.5732 0.3925
Pedestrian 0.5673 0.4129 1.6191 67.3570 -13.5261 0.6974 1.5372 0.3855
Cyclist 0.6969 1.5732 1.5634 -5.7615 -14.2574 -0.7843 2.1018 0.3839
Pedestrian 0.6984 0.5323 1.5787 29.3463 38.4468 -0.7197 3.1007 0.3809
Pedestrian 0.3801 0.3545 1.6435 30.6400 18.3838 -1.2108 4.6072 0.3677
Pedestrian 0.6109 0.3990 1.6796 35.3513 14.3292 -0.3756 0.9930 0.3667
Pedestrian 0.4903 0.3735 1.6392 34.7765 14.7816 -0.3854 1.1459 0.3600
Truck 2.4065 6.6021 2.4656 13.1012 -30.0909 -1.6528 -0.0097 0.3536
Pedestrian 0.8168 0.6016 1.6894 60.4247 31.0918 1.1702 4.3268 0.3309
Pedestrian 0.4589 0.4858 1.6997 12.7457 20.5393 -1.3629 4.5629 0.3169
Pedestrian 0.3469 0.2956 1.5894 29.9225 19.4622 -1.1703 -1.7026 0.3164
Pedestrian 0.3869 0.2835 1.6311 28.4311 30.6411 -0.5469 2.9741 0.3062
Pedestrian 0.5462 0.4450 1.5265 35.6013 -13.9782 -0.7860 5.5276 0.3043
Car 1.8573 4.3251 1.5169 23.4010 25.8256 -1.3735 3.1321 0.3010
Pedestrian 0.7207 0.4665 1.6556 67.6138 -12.5280 0.6089 -1.6250 0.2921
Pedestrian 0.7087 0.5314 1.7193 53.5283 13.9167 0.3559 1.4195 0.2921
Pedestrian 0.4136 0.3988 1.6161 34.0436 14.9281 -0.5798 1.4948 0.2836
Pedestrian 0.3665 0.3583 1.6389 32.3880 17.4962 -0.5757 1.1813 0.2760
Cyclist 0.8157 1.8020 1.5724 -4.0058 -12.2053 -0.6141 0.1461 0.2650
Pedestrian 0.4102 0.2544 1.6653 38.7497 14.0275 0.2222 1.4715 0.2520
Pedestrian 0.4185 0.3055 1.5601 22.8224 24.0583 -1.4982 3.3815 0.2514
Pedestrian 0.5478 0.5447 1.6376 55.8834 20.9198 0.2454 1.3605 0.2410
Cyclist 0.6920 1.6267 1.5992 -5.8100 -10.2523 -0.7317 2.8530 0.2311
Pedestrian 0.5497 0.5108 1.6175 27.5799 29.5848 -1.1973 0.7564 0.2303
Pedestrian 0.3728 0.3668 1.5461 36.7189 -14.6006 -0.6575 4.4618 0.2052
Pedestrian 0.3217 0.2684 1.6015 30.2083 19.6372 -1.1076 -1.7500 0.1929
Pedestrian 0.3767 0.2951 1.5100 5.3606 -27.9843 -1.8828 6.1198 0.1870
Pedestrian 0.4527 0.3046 1.6627 41.3235 13.6987 0.5814 1.5460 0.1770
Pedestrian 0.4483 0.4133 1.6873 36.9149 14.2254 0.2671 -1.5571 0.1746
Pedestrian 0.5589 0.4217 1.7975 28.9129 22.5569 -0.0918 -1.8076 0.1602
Pedestrian 0.4645 0.3730 1.6194 27.2602 33.8544 -0.5440 0.0097 0.1592
Pedestrian 0.4038 0.3339 1.5021 30.4630 -18.0877 -0.9309 5.4487 0.1587
Pedestrian 0.9742 0.6578 1.7683 45.5241 -13.9776 0.1546 -1.5919 0.1578
Pedestrian 0.6076 0.5069 1.6610 -1.4873 -8.4316 -1.9810 0.0646 0.1557
Pedestrian 0.3141 0.2901 1.5888 11.9245 23.2881 -1.3340 -2.7995 0.1453
Pedestrian 0.3319 0.3332 1.6648 16.2236 20.5731 -1.1336 -1.7917 0.1449
Pedestrian 0.8887 0.7207 1.5988 20.9330 21.2658 -1.3450 -1.9956 0.1355
Pedestrian 0.5760 0.4321 1.7269 34.6748 15.5578 0.1670 0.5659 0.1330
Pedestrian 0.4500 0.4095 1.6008 19.4489 29.6205 -1.4105 3.3565 0.1318
Pedestrian 0.3715 0.3352 1.5339 33.7595 -16.5386 -0.8634 -0.9129 0.1228
Pedestrian 0.3646 0.2953 1.6465 12.3988 -27.1538 -1.0427 -0.1419 0.1149
Pedestrian 0.4237 0.3564 1.5930 27.1041 29.0205 -1.5107 1.1086 0.1110
Pedestrian 0.4753 0.4438 1.6546 62.3606 28.6934 1.2302 4.4857 0.1095
Pedestrian 0.3786 0.3655 1.6430 37.3537 15.4687 -0.0262 1.7212 0.1076
Pedestrian 0.3737 0.3372 1.5736 35.1246 33.7408 -0.0116 1.1561 0.1062
Pedestrian 0.8242 0.5922 1.7241 68.8505 37.3815 1.4774 -1.9609 0.1046
Pedestrian 0.4729 0.4288 1.5375 38.9877 -17.1315 -0.8408 5.4763 0.1021
