Car 2.0642 4.7336 1.5293 28.0793 6.7887 -0.7791 1.9276 0.9666
Car 2.1368 4.4157 1.5422 35.5167 4.4988 -0.5007 1.5711 0.9643
Car 2.0151 4.5920 1.7841 14.2804 17.9056 -1.2793 4.3937 0.9619
Car 1.9971 4.4929 1.5794 19.0881 17.6983 -1.2341 2.7754 0.9598
Car 2.1887 4.5589 1.7529 41.6905 1.3451 -0.1167 1.4474 0.9598
Car 2.0705 4.3760 1.6458 2.8263 29.2678 -1.8464 -0.0722 0.9592
Car 1.9145 4.7192 1.5588 12.0123 -20.9106 -1.4599 0.4547 0.9525
Car 1.9220 4.5401 1.5772 14.4712 -31.0182 -1.3607 3.0249 0.9515
Car 2.0595 4.4188 1.5596 9.1251 32.4875 -1.4995 -0.0271 0.9514
Car 1.9214 4.4226 1.5352 17.8927 -32.0035 -1.2527 3.0378 0.9505
Car 2.0527 4.6167 1.7670 32.5808 8.9044 -0.5416 1.8126 0.9441
Car 1.8861 4.2366 1.5306 10.3640 -32.3496 -1.5530 -0.0227 0.9433
Car 1.9805 4.3750 1.5446 15.8352 -47.7732 -1.2001 3.0633 0.9413
Car 1.9003 4.5279 1.5651 18.1034 54.1003 -1.3048 3.1450 0.9359
Car 1.9945 4.7645 1.9137 19.1283 -10.2273 -1.1083 0.9109 0.9354
Car 2.0472 4.6091 1.5893 14.9216 -38.0877 -1.2886 3.0375 0.9349
Car 2.0152 4.6487 1.7661 23.1542 10.6864 -1.0171 2.2813 0.9322
Car 1.8606 4.3558 1.6297 22.0761 18.8108 -1.0495 2.7937 0.9307
Car 1.9992 4.3446 1.6303 9.7282 25.2886 -1.4790 -0.0159 0.9295
Car 2.0745 4.3920 1.6421 9.1724 -45.6652 -1.6624 -0.0742 0.9233
Car 1.8873 4.3454 1.6226 17.5192 -62.9880 -0.8186 3.0472 0.9220
Car 2.0161 4.5009 1.5856 18.6185 -38.3086 -1.0139 3.0118 0.9217
Car 2.0516 4.6651 1.8541 26.9474 13.6091 -0.7796 2.1831 0.9146
Car 1.9472 4.3852 1.6659 2.2216 35.8592 -1.8473 -0.0288 0.8925
Car 1.9539 4.3531 1.6151 16.7087 -54.6531 -0.8892 3.0451 0.8911
Truck 3.0934 12.6533 3.7161 5.2929 40.5092 -1.6463 -0.0833 0.8826
Car 1.8596 4.3134 1.5386 18.5384 -46.5087 -1.0382 3.0699 0.8718
Car 2.1248 4.5085 1.7380 43.4059 5.0812 -0.1271 1.5036 0.8494
Car 1.8653 4.3732 1.5554 39.9654 8.1923 -0.3882 1.5657 0.8462
Cyclist 0.8519 1.7014 1.6893 4.2354 24.3986 -1.6191 3.1360 0.8456
Car 2.3123 4.5588 1.8464 48.4100 8.9602 -0.0690 1.4365 0.8423
Car 1.8754 4.3697 1.5580 19.6239 -53.7162 -0.9615 3.0348 0.8319
Cyclist 0.6307 1.8068 1.5764 4.5989 -15.5209 -1.7882 0.3670 0.8250
Pedestrian 0.4968 0.4579 1.6385 2.0454 15.7558 -1.8264 0.5204 0.8183
Car 1.8769 4.3823 1.5449 19.9341 30.7451 -1.2574 3.0247 0.8164
Pedestrian 0.7356 0.6861 1.7618 2.8081 17.7672 -1.6670 0.4398 0.8100
Car 2.1906 4.8566 2.3876 5.9670 29.2510 -1.4360 -0.0752 0.8086
Pedestrian 0.4733 0.4573 1.7092 29.3061 18.9493 -0.8757 1.4708 0.8040
Pedestrian 0.6123 0.5978 1.7095 6.5366 19.4930 -1.5811 2.8053 0.7596
Pedestrian 0.7115 0.6244 1.7015 31.0129 22.5606 -0.6653 3.7186 0.7560
Car 1.8974 4.3337 1.7040 35.4008 28.6608 -0.2178 1.4004 0.7525
Car 1.8461 4.2850 1.5390 20.1566 -60.2542 -0.7011 3.0886 0.7506
Car 1.8847 4.3492 1.6984 56.1751 9.5555 0.0021 1.4379 0.7487
Car 1.8794 4.3509 1.6629 41.1999 22.7729 -0.0144 -0.1591 0.7460
Pedestrian 0.5579 0.5011 1.6557 31.1504 19.0010 -0.7241 1.4343 0.7373
Cyclist 0.7111 1.6465 1.6341 8.1046 19.4968 -1.3995 3.0134 0.7299
Pedestrian 0.4408 0.3997 1.6208 0.4417 16.7687 -1.8015 3.7956 0.7133
Pedestrian 0.4938 0.4361 1.6912 4.1378 18.9733 -1.5525 4.2473 0.7101
Pedestrian 0.5518 0.5888 1.6774 10.3211 1.2910 -1.3120 -1.1652 0.6966
Cyclist 0.7163 1.7411 1.5674 23.4998 -29.5118 -1.1307 3.1178 0.6756
Car 1.8815 4.3389 1.5797 64.1918 10.5545 0.1778 1.4140 0.6739
Cyclist 0.6565 1.6028 1.5613 0.7674 24.4505 -1.8107 -0.1577 0.6651
Pedestrian 0.6134 0.5612 1.5359 -1.7015 -11.7287 -2.1743 6.2468 0.6637
Pedestrian 0.5140 0.3855 1.6399 0.9250 16.0729 -1.8832 3.7430 0.6498
Truck 2.4779 6.6138 2.8554 1.6899 43.6415 -1.4467 -0.1006 0.6279
Pedestrian 0.6986 0.4036 1.6742 18.9712 28.0608 -1.2325 1.0478 0.6247
Pedestrian 0.6737 0.3549 1.6334 54.5874 -14.0108 0.2445 -1.6017 0.6066
Car 1.8641 4.2755 1.5253 17.7700 -69.1443 -1.3206 0.0451 0.5891
Cyclist 0.7668 1.8055 1.5807 56.2213 -10.5886 0.0624 4.5519 0.5889
Cyclist 0.9002 1.9908 1.5411 37.3449 -13.5250 -0.5791 2.7792 0.5777
Pedestrian 0.6179 0.3679 1.6149 64.8127 -13.6212 0.3508 1.4752 0.5728
Pedestrian 0.5616 0.4733 1.6497 31.0694 21.3469 -0.5646 4.3915 0.5700
Pedestrian 0.4963 0.3035 1.5976 54.2320 -14.8308 0.2627 -1.6312 0.5691
Cyclist 0.8065 1.7162 1.6044 23.8074 -27.5256 -1.0455 3.0542 0.5468
Pedestrian 0.5404 0.5968 1.6583 56.8709 -14.1812 0.1523 1.5310 0.5429
Truck 2.9956 10.5669 2.8097 52.4036 6.6240 0.3066 1.3301 0.5345
Cyclist 0.8398 1.8389 1.6284 0.0854 6.9133 -1.4864 -0.1238 0.5255
Pedestrian 0.5110 0.5341 1.6129 0.5552 18.0852 -1.7970 1.0677 0.4999
Pedestrian 0.4642 0.3789 1.5455 34.1428 -13.8549 -1.0828 -1.1873 0.4864
Pedestrian 0.4652 0.4386 1.6267 25.1844 -35.4382 -1.0472 -0.0954 0.4661
Pedestrian 0.4877 0.4444 1.7075 30.1454 16.1355 -0.8519 1.2842 0.4558
Pedestrian 0.5608 0.3969 1.6728 35.3537 14.3611 -0.3830 1.0591 0.4425
Pedestrian 0.8062 0.4665 1.7033 31.2274 17.4586 -0.5146 0.7859 0.4402
Pedestrian 0.7636 0.3748 1.6737 62.5171 14.0418 0.5452 1.4582 0.4368
Car 1.8756 4.3807 1.5694 8.7658 39.1206 -1.2489 -0.0542 0.4339
Pedestrian 0.6036 0.3722 1.6020 28.9302 37.2765 -0.9174 -0.0251 0.4310
Pedestrian 0.6489 0.4006 1.6670 50.4205 27.4925 0.6609 -1.8060 0.4295
Cyclist 0.7900 1.6625 1.5535 24.8147 -32.9927 -0.9714 3.0431 0.4240
Pedestrian 0.6201 0.4844 1.7422 25.0479 -27.2429 -0.9238 2.9174 0.4238
Pedestrian 0.3232 0.2975 1.5820 30.5819 19.3909 -0.9341 1.2282 0.4175
Cyclist 0.8111 1.7905 1.5682 -4.0379 -12.2546 -0.5715 0.1310 0.4151
Pedestrian 0.4634 0.4001 1.6328 21.8026 28.6729 -1.1048 3.1961 0.4140
Pedestrian 0.4001 0.3788 1.6488 32.3828 17.4913 -0.5122 1.1239 0.4102
Pedestrian 0.5183 0.3847 1.5972 35.0944 -14.5343 -0.5929 -0.9985 0.4085
Pedestrian 0.4135 0.3995 1.6386 33.2024 26.4428 -0.5693 4.4296 0.4078
Cyclist 1.0405 1.7284 1.6200 -0.1138 -3.0228 -1.5226 1.2015 0.4014
Pedestrian 0.5596 0.4064 1.6567 24.5954 -28.2878 -0.9385 2.9127 0.3939
Cyclist 0.6040 1.5943 1.5573 24.7904 -30.5473 -1.0213 3.0755 0.3846
Car 1.8741 4.4214 1.5766 23.2820 25.8998 -1.3493 3.0484 0.3824
Pedestrian 0.5192 0.4323 1.6421 42.2903 -15.5400 -0.0828 4.7078 0.3734
Pedestrian 0.4707 0.4186 1.6457 42.7260 -16.0725 0.0666 -1.6178 0.3526
Cyclist 0.6350 1.7543 1.5541 20.0175 65.6761 -1.3550 2.9916 0.3444
Pedestrian 0.4729 0.3715 1.6366 21.7159 27.3716 -1.1430 3.0690 0.3316
Pedestrian 0.3723 0.3510 1.6011 29.3966 20.3062 -1.0001 1.1265 0.3255
Cyclist 0.6098 1.6287 1.5041 12.7110 -34.3690 -1.7048 3.1072 0.3223
Pedestrian 0.4270 0.4424 1.6209 30.8289 20.9109 -0.8050 -1.9940 0.3190
Car 1.9448 4.3537 1.6056 44.4940 59.5074 0.6727 1.5481 0.3163
Car 1.8726 4.4036 1.5639 10.2341 39.8522 -1.3350 -0.0070 0.3086
Car 1.8190 4.2599 1.5253 41.5011 60.0847 0.8628 -0.0554 0.3048
Pedestrian 0.4843 0.3678 1.5928 33.7567 -14.3393 -0.7425 -1.2333 0.3039
Pedestrian 0.7353 0.4303 1.5990 41.4984 58.3326 0.6908 -0.0651 0.2921
Cyclist 1.1264 2.6935 1.6418 23.0053 -27.4815 -1.0906 3.0245 0.2890
Pedestrian 0.4027 0.4181 1.5719 0.5696 18.7097 -1.6985 4.3506 0.2752
Cyclist 0.7319 1.5822 1.5629 -5.7838 -14.2238 -0.8553 2.0870 0.2617
Cyclist 0.9180 1.6600 1.5466 23.5065 -32.3916 -1.0253 3.0580 0.2394
Pedestrian 0.4073 0.3290 1.6100 34.8010 14.6794 -0.3993 1.2506 0.2331
Pedestrian 0.4325 0.3988 1.5752 29.7282 19.6923 -1.0782 1.2154 0.2301
Pedestrian 0.3829 0.3283 1.6339 33.3393 -15.6201 -0.6309 1.9969 0.2258
Pedestrian 0.3999 0.3942 1.5212 23.4577 -30.2717 -1.3182 3.0507 0.2230
Pedestrian 0.5965 0.5093 1.6560 -5.7169 -10.3019 -0.8197 3.0108 0.2201
Pedestrian 0.5629 0.4244 1.6032 55.8557 20.8802 0.2831 -1.7892 0.2156
Pedestrian 0.2692 0.2369 1.5278 -1.5639 -13.9209 -1.9163 2.9919 0.2110
Pedestrian 0.5332 0.4627 1.6026 25.4847 -33.0363 -1.0904 3.0098 0.2103
Cyclist 0.8981 1.6921 1.5463 -4.1891 7.7076 0.2278 -0.2030 0.2066
Pedestrian 0.5586 0.5472 1.5631 35.6160 -13.9623 -0.8279 5.4248 0.2040
Pedestrian 0.5843 0.5819 1.7317 11.7023 23.5390 -1.1717 -3.0837 0.1983
Pedestrian 0.4368 0.3231 1.5782 55.4999 -12.6531 -0.1293 -1.6655 0.1961
Pedestrian 0.4052 0.3598 1.6117 31.4965 -16.7316 -0.8778 2.0081 0.1916
Pedestrian 0.5128 0.5047 1.6066 56.1049 -12.3191 -0.1435 4.6366 0.1847
Pedestrian 0.6437 0.4667 1.6707 53.5101 13.9885 0.5151 -1.6981 0.1781
Pedestrian 0.3718 0.3340 1.5562 28.8521 -19.6379 -1.0040 2.6463 0.1753
Pedestrian 0.6154 0.4367 1.7630 28.9104 22.5668 0.2599 -1.9343 0.1580
Pedestrian 0.5386 0.3984 1.5853 -1.4042 5.9833 -2.0120 2.9814 0.1557
Pedestrian 1.2418 0.6759 1.7549 49.6759 13.7983 0.3062 1.5154 0.1554
Pedestrian 0.7227 0.5160 1.6788 40.4239 23.4375 -0.2746 -1.7027 0.1512
Pedestrian 0.9210 0.6391 1.7597 45.5178 -13.9545 0.1540 -1.5890 0.1501
Pedestrian 0.3736 0.3846 1.6057 30.8056 18.3923 -0.9126 4.5153 0.1466
Pedestrian 0.3373 0.2948 1.5647 30.5117 -18.0549 -0.9208 2.2000 0.1448
Pedestrian 0.4328 0.3544 1.6340 30.2285 20.0352 -0.7805 -1.9141 0.1444
Pedestrian 0.2940 0.2964 1.6341 28.7590 21.3814 -0.9196 1.1714 0.1384
Pedestrian 0.5790 0.4788 1.6394 -1.4504 -8.4526 -2.0450 0.0349 0.1375
Pedestrian 0.5454 0.5190 1.8190 12.1327 -27.6677 -1.1165 5.9759 0.1332
Pedestrian 0.3824 0.2787 1.6007 25.5665 -30.1448 -0.9926 2.9534 0.1315
Pedestrian 0.3579 0.3021 1.5348 5.3735 -28.0037 -1.8334 2.9199 0.1170
Pedestrian 0.6237 0.4429 1.6066 24.5346 68.2386 -1.0075 3.3686 0.1161
Pedestrian 0.3745 0.3521 1.5167 37.8335 -14.2232 -0.6916 1.2103 0.1151
Pedestrian 0.5827 0.5340 1.6436 54.5048 8.8203 -0.1259 0.2295 0.1097
Pedestrian 0.3743 0.3145 1.6822 32.2286 -17.2115 0.4624 1.9890 0.1079
Pedestrian 0.7014 0.6521 1.6751 32.1727 -54.5525 -0.0211 3.0358 0.1073
Pedestrian 0.5378 0.4435 1.7518 34.6383 15.5842 0.3371 0.7528 0.1020
