Car 1.9416 4.3374 1.4739 17.8871 -31.7509 -1.1938 3.0472 0.9695
Car 2.1030 4.5405 1.5342 29.0643 6.1317 -0.7559 1.9048 0.9667
Car 2.0677 4.6140 1.7294 17.2038 25.6651 -1.2112 3.2354 0.9652
Car 2.0829 4.3929 1.7905 31.4901 -1.9997 -0.6045 1.4613 0.9640
Car 2.0551 4.4840 1.5876 9.7421 25.2575 -1.4818 -0.0629 0.9607
Car 2.0320 4.4256 1.5602 9.1260 32.5157 -1.5043 -0.0344 0.9600
Car 2.0039 4.6970 1.7291 19.3515 17.1154 -1.1633 2.6208 0.9593
Car 2.1965 4.4831 1.7217 36.3187 4.4975 -0.4415 1.4953 0.9586
Car 1.9892 4.9450 1.5866 31.3604 10.0673 -0.7249 1.9028 0.9527
Car 2.0330 4.3486 1.5608 2.8629 29.2712 -1.7831 -0.0547 0.9484
Car 1.9131 4.4132 1.5448 14.4714 -30.9187 -1.3348 3.0040 0.9399
Car 1.9501 4.3997 1.6410 16.3862 35.7078 -1.2631 3.0861 0.9393
Car 2.0129 4.4465 1.5757 15.8127 -47.7466 -1.2315 3.0685 0.9392
Car 1.9934 4.5726 1.6203 14.8905 -38.0261 -1.3250 3.0378 0.9375
Car 2.1729 5.0456 2.0386 18.6795 -10.2818 -1.1484 0.9243 0.9337
Car 2.1987 4.5592 1.7836 52.5350 -0.6041 0.2123 1.4864 0.9281
Car 2.0342 4.6261 1.7746 22.0023 20.3455 -0.9604 2.5595 0.9240
Car 1.9864 4.5450 1.5878 18.6292 -38.3053 -1.0051 3.0263 0.9207
Car 1.9337 4.4269 1.6854 17.5351 -63.0038 -0.8837 3.0166 0.9151
Car 2.0070 4.6513 1.8093 25.8749 12.6167 -0.8399 2.2321 0.9149
Car 1.9275 4.3575 1.5846 2.2294 35.9654 -1.7557 -0.0311 0.9037
Truck 3.1194 12.6687 3.6752 5.3164 40.7097 -1.5871 -0.0766 0.9024
Car 2.3678 4.5255 1.7397 38.8011 8.1363 -0.1871 1.5912 0.9013
Car 2.0470 4.4435 1.6713 16.7537 -54.7650 -0.9393 3.0125 0.8942
Car 1.9571 5.0031 1.5183 22.1445 11.3031 -1.0093 2.3001 0.8901
Cyclist 0.8875 1.7622 1.6670 4.2140 24.4287 -1.6665 -0.0250 0.8875
Car 1.9040 4.3963 1.5610 18.5456 -46.5377 -1.0677 3.0320 0.8710
Pedestrian 0.7274 0.4995 1.7857 8.5430 -1.2057 -1.3623 -1.8738 0.8678
Truck 3.2847 11.2081 3.0191 58.9539 3.3398 0.2014 1.4260 0.8384
Car 2.0793 4.4590 1.8982 10.5768 -63.7597 -1.3960 -0.0646 0.8364
Car 1.8839 4.3952 1.5621 19.6138 -53.7233 -0.9887 3.0181 0.8298
Car 2.0284 4.4242 1.8993 63.6057 10.4494 0.2250 1.4454 0.8034
Car 2.1901 4.8744 2.4661 5.9549 29.2759 -1.4987 -0.0736 0.7998
Truck 3.0766 9.3090 3.2451 45.4502 4.9701 0.1320 1.5002 0.7744
Car 1.8835 4.3945 1.5636 45.8320 8.2983 -0.1964 1.4572 0.7638
Pedestrian 0.7421 0.4766 1.6920 21.5657 28.0004 -1.2481 1.1365 0.7556
Car 1.9526 4.4579 1.5395 17.8635 62.0996 -1.2404 3.0746 0.7519
Car 1.8661 4.3357 1.5568 20.1564 -60.3075 -0.7404 3.0874 0.7505
Cyclist 0.9853 1.7421 1.5660 0.7988 24.3005 -1.7797 -0.1003 0.7291
Pedestrian 0.6457 0.6915 1.7683 28.4384 18.1235 -0.9361 1.7941 0.7214
Car 1.8990 4.3614 1.6220 41.3059 22.1193 -0.0589 -0.1613 0.7121
Pedestrian 0.6126 0.3727 1.6394 38.2501 24.5038 -0.0962 -1.9636 0.6864
Pedestrian 0.6008 0.5681 1.7125 3.4553 16.9915 -1.7067 0.4271 0.6376
Cyclist 0.9280 1.9835 1.5820 37.3800 -13.5382 -0.5577 2.7102 0.6359
Pedestrian 0.7676 0.4306 1.6935 57.0779 -14.2952 0.3045 1.5173 0.6346
Car 1.9853 4.3342 1.7275 36.1830 28.7503 -0.2136 1.4030 0.6020
Car 1.9556 4.7491 1.7399 12.3269 25.3763 -1.3619 3.0967 0.5927
Car 1.8860 4.3182 1.5544 17.7964 -69.2650 -1.3416 0.0601 0.5841
Pedestrian 0.7419 0.4868 1.6796 47.1829 23.4148 0.6004 -1.6875 0.5814
Truck 2.4285 6.5020 2.8775 1.7429 43.5612 -1.4689 -0.0759 0.5697
Pedestrian 0.4631 0.4423 1.7002 30.0331 16.1306 -0.8556 1.1509 0.5634
Cyclist 0.7856 1.6776 1.6023 23.8159 -27.4604 -1.0668 3.0248 0.5302
Car 1.8576 4.3674 1.5340 19.8322 30.8748 -1.3630 3.0544 0.5285
Pedestrian 0.6863 0.5036 1.6420 45.0552 45.9979 0.8582 -1.7496 0.5198
Pedestrian 0.6091 0.5430 1.6622 -1.3947 -6.0012 -1.8865 2.9918 0.5146
Cyclist 0.5789 1.6348 1.5401 22.1350 -37.5816 -1.0507 3.0812 0.5141
Pedestrian 0.5838 0.4974 1.6726 29.0329 29.0552 -0.6054 -0.0199 0.4967
Pedestrian 0.6583 0.5504 1.6396 20.0392 62.1219 -0.9695 0.0317 0.4862
Car 1.8883 4.3977 1.5868 8.7523 39.0637 -1.1635 -0.0666 0.4857
Pedestrian 0.5576 0.4909 1.6815 23.7223 17.2511 -1.0444 1.0444 0.4805
Cyclist 0.7486 1.6720 1.5594 24.8504 -35.1648 -0.9554 3.1017 0.4773
Cyclist 0.8817 1.7903 1.5761 23.2819 -30.9454 -1.0668 2.9796 0.4770
Pedestrian 0.4222 0.4018 1.6427 33.0637 17.2366 -0.6012 1.1456 0.4692
Pedestrian 0.6185 0.3869 1.6945 31.2480 17.4571 -0.5425 0.7332 0.4637
Pedestrian 0.4371 0.3463 1.6093 35.0950 -14.4616 -0.5657 -0.8997 0.4580
Pedestrian 0.6563 0.4851 1.5883 1.4783 24.1226 -1.7620 2.9453 0.4561
Cyclist 0.7185 1.7169 1.5415 23.5418 -29.4479 -1.1031 3.0962 0.4145
Pedestrian 0.6663 0.4698 1.7318 25.0287 -27.2381 -0.9200 2.9503 0.4143
Pedestrian 0.6260 0.5371 1.6483 41.7093 -16.1469 -0.3559 4.7274 0.3926
Pedestrian 0.4923 0.5349 1.6203 55.1225 -14.3188 0.1801 4.6144 0.3848
Car 1.9358 4.4605 1.6520 55.2326 9.4129 0.0596 1.5066 0.3846
Car 1.9586 4.3665 1.6093 44.6739 59.5039 0.5930 4.6830 0.3791
Pedestrian 0.4260 0.4024 1.6848 32.3772 16.4276 -0.6472 1.2484 0.3620
Cyclist 0.6520 1.6129 1.6382 24.5560 -28.2903 -0.9654 3.0954 0.3479
Car 1.8232 4.2977 1.5463 21.4685 -38.5588 -0.9494 3.0897 0.3474
Pedestrian 0.3839 0.3012 1.5589 34.1676 -13.8204 -1.0865 1.8092 0.3443
Cyclist 1.0416 1.7474 1.6362 -0.1000 -3.0055 -1.5452 1.2576 0.3308
Pedestrian 0.3536 0.3197 1.6081 30.6668 18.3767 -1.0526 1.1801 0.3293
Cyclist 0.6182 1.6126 1.5689 24.7600 -30.5690 -0.9508 3.0662 0.3124
Pedestrian 0.4168 0.3816 1.6352 -2.0094 -6.3289 -1.5559 -0.2044 0.3018
Pedestrian 0.4118 0.3853 1.6602 33.7116 17.1460 -0.4799 1.3639 0.3005
Pedestrian 0.5392 0.3883 1.5903 -1.6333 -4.7450 -1.9287 0.0835 0.2938
Pedestrian 0.5215 0.4409 1.6320 55.8105 20.9380 0.2769 1.4007 0.2907
Pedestrian 0.5728 0.5062 1.6765 35.4733 14.3337 -0.2459 1.3262 0.2906
Cyclist 0.8065 1.8532 1.6084 0.0796 6.8393 -1.4199 -0.0955 0.2884
Pedestrian 0.4157 0.3753 1.6742 34.1095 16.4083 -0.4197 1.1499 0.2767
Pedestrian 0.4323 0.2657 1.5850 52.7557 -13.7872 -0.0646 -1.5874 0.2722
Pedestrian 0.5417 0.3029 1.7324 40.3707 -3.8886 0.1322 1.5611 0.2487
Pedestrian 0.5360 0.2794 1.6353 41.6667 -15.5279 -0.0388 -1.5791 0.2458
Pedestrian 0.4508 0.3086 1.5537 27.0228 56.9968 -0.6433 -0.0543 0.2391
Pedestrian 0.4452 0.4153 1.6867 32.2562 17.6694 -0.5240 1.3569 0.2350
Pedestrian 0.6192 0.6202 1.7719 11.6821 23.5729 -1.1814 -3.0474 0.2304
Pedestrian 0.5697 0.5218 1.5681 35.6219 -13.9604 -0.7763 5.3975 0.2296
Cyclist 0.6964 1.5773 1.5730 -5.7656 -14.2084 -0.8347 2.0474 0.2284
Cyclist 1.2322 2.9440 1.6790 23.0571 -27.6512 -1.1181 3.0340 0.2241
Pedestrian 0.3939 0.3230 1.5900 44.2608 -15.5661 -0.0004 1.5017 0.2236
Cyclist 0.7134 1.6905 1.5577 0.5438 28.6713 -2.1536 -0.1291 0.2148
Cyclist 0.6706 1.7765 1.5277 22.5496 28.2975 -1.2310 3.0362 0.2071
Pedestrian 0.3794 0.3092 1.5819 25.5153 -30.1702 -0.9998 2.9552 0.1886
Pedestrian 0.4148 0.3750 1.6660 31.7200 17.1908 -0.6509 1.1703 0.1831
Pedestrian 0.4848 0.3891 1.7229 41.3702 13.6805 0.4145 1.5482 0.1811
Pedestrian 0.9523 0.6335 1.7904 45.5212 -13.9799 0.0844 -1.5763 0.1696
Pedestrian 0.3680 0.2895 1.5902 0.6078 33.2007 -1.8930 6.1516 0.1642
Pedestrian 0.3830 0.3484 1.5649 29.3837 20.3242 -1.0422 1.0861 0.1624
Pedestrian 0.4444 0.4897 1.6671 31.4178 -55.1352 0.0868 6.1907 0.1588
Pedestrian 0.3580 0.2949 1.6249 39.5569 -4.1407 -0.2275 -1.5756 0.1585
Pedestrian 0.4089 0.3450 1.6265 34.8056 14.6656 -0.3085 1.6641 0.1547
Pedestrian 0.4268 0.3541 1.6056 33.7546 -14.2889 -0.7575 1.7713 0.1508
Pedestrian 0.4507 0.3740 1.7430 38.8092 13.9835 -0.0192 1.4947 0.1406
Pedestrian 0.4262 0.4157 1.6679 37.3563 15.4559 -0.3386 1.6753 0.1403
Pedestrian 0.4556 0.3917 1.6658 39.8923 13.8799 -0.2748 1.6126 0.1394
Pedestrian 0.3502 0.2875 1.5299 5.3652 -27.9983 -1.8326 2.9165 0.1389
Pedestrian 0.7913 0.4925 1.7298 53.5142 13.9508 0.4427 1.3830 0.1373
Pedestrian 0.2697 0.2405 1.6094 28.7639 21.4590 -0.9912 1.1044 0.1339
Pedestrian 0.3748 0.3702 1.5667 36.7080 -14.6045 -0.6626 4.6311 0.1319
Pedestrian 0.4008 0.3347 1.6851 45.5219 13.6673 0.1442 -1.5288 0.1228
Pedestrian 0.3759 0.3541 1.5817 -2.3998 -5.9642 -1.9163 2.9969 0.1215
Pedestrian 0.3810 0.3342 1.7006 27.8748 27.1526 -0.6891 0.3882 0.1213
Pedestrian 0.6195 0.5892 1.6517 32.1325 -54.5933 0.1164 3.0026 0.1212
Pedestrian 0.5472 0.5114 1.5987 25.5330 -33.0437 -1.0433 2.9984 0.1207
Pedestrian 0.5391 0.4912 1.7842 12.1366 -27.6719 -0.9943 5.6655 0.1205
Pedestrian 0.4416 0.3836 1.5810 30.2902 19.6513 -0.9750 1.1345 0.1198
Pedestrian 0.6072 0.4722 1.7889 41.3537 5.9764 1.0317 0.3165 0.1165
Pedestrian 0.6309 0.5160 1.7687 34.6535 15.5679 0.6166 0.6761 0.1162
Pedestrian 0.6223 0.4607 1.8096 28.9139 22.5831 0.2409 -1.8965 0.1156
Pedestrian 0.4244 0.3827 1.5137 37.8129 -14.1720 -0.6723 1.2019 0.1122
Pedestrian 0.4493 0.4420 1.6029 22.2577 29.3006 -1.5431 -2.8933 0.1071
Pedestrian 0.5579 0.5613 1.6049 25.8591 -28.8546 -1.1909 2.9055 0.1069
Pedestrian 0.5467 0.4048 1.7870 25.1230 -57.4966 0.5257 3.0038 0.1064
Pedestrian 0.4214 0.3654 1.6641 8.1690 -2.0871 -1.3671 -1.5141 0.1029
