Car 0.00 0.00 1.35 0.00 0.00 0.00 0.00 1.52 2.02 3.92 42.47 -1.62 -0.14 1.39
Car 0.00 0.00 1.47 0.00 0.00 0.00 0.00 1.48 2.09 4.55 39.86 1.37 -0.25 1.43
Car 0.00 0.00 1.48 0.00 0.00 0.00 0.00 1.74 1.70 4.54 73.14 11.51 0.61 1.32
Car 0.00 0.00 1.66 0.00 0.00 0.00 0.00 1.82 1.78 4.27 65.46 10.76 0.26 1.50
Car 0.00 0.00 1.62 0.00 0.00 0.00 0.00 1.48 1.88 4.38 56.10 9.68 0.24 1.45
Car 0.00 0.00 1.68 0.00 0.00 0.00 0.00 1.71 2.13 4.32 50.74 9.17 0.07 1.50
Truck 0.00 0.00 1.59 0.00 0.00 0.00 0.00 3.13 2.95 12.88 54.22 6.32 0.00 1.47
Car 0.00 0.00 1.71 0.00 0.00 0.00 0.00 1.40 1.83 4.45 44.39 8.26 -0.13 1.52
Car 0.00 0.00 1.64 0.00 0.00 0.00 0.00 1.68 2.06 4.35 44.53 5.25 -0.08 1.52
Car 0.00 0.00 1.77 0.00 0.00 0.00 0.00 1.66 2.23 4.15 37.88 8.02 -0.31 1.56
Car 0.00 0.00 1.66 0.00 0.00 0.00 0.00 1.50 2.07 4.19 37.09 4.54 -0.46 1.54
Car 0.00 0.00 2.21 0.00 0.00 0.00 0.00 1.83 2.14 4.77 31.65 10.50 -0.63 1.89
Car 0.00 0.00 2.11 0.00 0.00 0.00 0.00 1.55 2.14 4.90 28.56 6.60 -0.81 1.88
Car 0.00 0.00 2.60 0.00 0.00 0.00 0.00 1.71 1.78 4.27 24.79 13.66 -0.98 2.09
Car 0.00 0.00 2.69 0.00 0.00 0.00 0.00 1.68 1.94 4.66 23.25 10.50 -0.94 2.26
Car 0.00 0.00 3.29 0.00 0.00 0.00 0.00 1.44 1.94 4.22 22.19 20.25 -1.05 2.55
Pedestrian 0.00 0.00 1.68 0.00 0.00 0.00 0.00 1.71 0.63 0.52 31.33 17.30 -0.66 1.17
Pedestrian 0.00 0.00 1.21 0.00 0.00 0.00 0.00 1.60 0.35 0.29 32.62 14.93 -0.56 0.78
Pedestrian 0.00 0.00 1.30 0.00 0.00 0.00 0.00 1.55 0.51 0.54 29.72 16.87 -0.46 0.78
Pedestrian 0.00 0.00 1.39 0.00 0.00 0.00 0.00 1.53 0.65 0.64 28.30 19.72 -0.64 0.78
Car 0.00 0.00 2.12 0.00 0.00 0.00 0.00 1.66 1.92 4.15 35.34 28.66 -0.12 1.44
Car 0.00 0.00 6.59 0.00 0.00 0.00 0.00 1.57 1.82 4.26 41.39 21.79 -0.01 6.10
Pedestrian 0.00 0.00 2.13 0.00 0.00 0.00 0.00 1.69 0.46 0.62 18.64 21.45 -1.19 1.27
Pedestrian 0.00 0.00 2.05 0.00 0.00 0.00 0.00 1.54 0.62 0.41 19.64 19.22 -1.02 1.27
Pedestrian 0.00 0.00 2.40 0.00 0.00 0.00 0.00 1.57 0.45 0.47 9.31 19.57 -1.32 1.27
Pedestrian 0.00 0.00 2.44 0.00 0.00 0.00 0.00 1.53 0.55 0.40 12.69 20.00 -1.30 1.43
Pedestrian 0.00 0.00 2.10 0.00 0.00 0.00 0.00 1.68 0.47 0.52 17.73 20.75 -1.17 1.23
Pedestrian 0.00 0.00 2.26 0.00 0.00 0.00 0.00 1.79 0.76 0.62 11.43 19.02 -1.38 1.23
Pedestrian 0.00 0.00 2.38 0.00 0.00 0.00 0.00 1.67 0.44 0.38 9.19 20.54 -1.42 1.23
Pedestrian 0.00 0.00 2.34 0.00 0.00 0.00 0.00 1.51 0.56 0.43 9.30 18.76 -1.26 1.23
Pedestrian 0.00 0.00 2.25 0.00 0.00 0.00 0.00 1.86 0.46 0.60 12.72 20.56 -1.46 1.23
Pedestrian 0.00 0.00 2.36 0.00 0.00 0.00 0.00 1.73 0.73 0.68 8.33 17.64 -1.48 1.23
Pedestrian 0.00 0.00 2.31 0.00 0.00 0.00 0.00 1.76 0.52 0.45 10.71 19.86 -1.38 1.23
Pedestrian 0.00 0.00 2.32 0.00 0.00 0.00 0.00 1.72 0.67 0.66 10.77 20.71 -1.34 1.23
Pedestrian 0.00 0.00 2.66 0.00 0.00 0.00 0.00 1.59 0.42 0.59 2.94 19.86 -1.78 1.23
Pedestrian 0.00 0.00 2.69 0.00 0.00 0.00 0.00 1.54 0.45 0.49 2.20 18.88 -1.82 1.23
Pedestrian 0.00 0.00 2.67 0.00 0.00 0.00 0.00 1.55 0.53 0.59 2.48 17.97 -1.79 1.23
Car 0.00 0.00 4.59 0.00 0.00 0.00 0.00 1.59 2.19 4.15 17.72 70.30 -1.13 3.26
Car 0.00 0.00 7.55 0.00 0.00 0.00 0.00 1.49 1.91 4.30 9.08 32.48 -1.44 6.25
Car 0.00 0.00 7.47 0.00 0.00 0.00 0.00 1.46 1.95 4.56 9.74 25.39 -1.37 6.26
Car 0.00 0.00 7.60 0.00 0.00 0.00 0.00 2.50 2.39 4.74 5.95 29.26 -1.59 6.23
Truck 0.00 0.00 7.65 0.00 0.00 0.00 0.00 3.58 2.99 12.05 5.19 40.82 -1.57 6.20
Truck 0.00 0.00 7.73 0.00 0.00 0.00 0.00 2.67 2.56 7.43 1.83 44.13 -1.45 6.20
Car 0.00 0.00 7.71 0.00 0.00 0.00 0.00 1.58 1.86 4.15 2.19 35.67 -1.83 6.20
Car 0.00 0.00 7.68 0.00 0.00 0.00 0.00 1.51 2.08 4.51 2.83 29.30 -1.75 6.20
Cyclist 0.00 0.00 7.60 0.00 0.00 0.00 0.00 1.56 0.95 1.96 4.26 24.60 -1.59 6.20
Cyclist 0.00 0.00 7.74 0.00 0.00 0.00 0.00 1.52 0.86 1.92 0.76 24.42 -1.89 6.20
Pedestrian 0.00 0.00 5.42 0.00 0.00 0.00 0.00 1.80 0.93 0.60 6.74 6.04 -1.43 4.69
Cyclist 0.00 0.00 -0.77 0.00 0.00 0.00 0.00 1.51 0.64 1.88 5.11 -11.69 -1.79 0.39
Car 0.00 0.00 -0.97 0.00 0.00 0.00 0.00 1.56 1.87 4.28 9.68 -23.82 -1.60 0.21
Truck 0.00 0.00 4.87 0.00 0.00 0.00 0.00 3.95 3.16 12.47 8.36 -38.52 -1.72 6.23
Truck 0.00 0.00 4.78 0.00 0.00 0.00 0.00 3.24 2.92 12.26 10.62 -70.82 -1.15 6.20
Pedestrian 0.00 0.00 2.30 0.00 0.00 0.00 0.00 1.64 0.66 0.50 13.88 19.97 -1.13 1.34
Car 0.00 0.00 1.83 0.00 0.00 0.00 0.00 1.62 2.01 4.46 14.86 -38.07 -1.34 3.03
Car 0.00 0.00 1.91 0.00 0.00 0.00 0.00 1.64 1.99 4.27 18.65 -46.64 -1.16 3.10
Car 0.00 0.00 1.48 0.00 0.00 0.00 0.00 1.57 2.28 4.14 74.20 1.67 0.78 1.46
Pedestrian 0.00 0.00 1.97 0.00 0.00 0.00 0.00 1.67 0.46 0.60 33.34 15.63 -0.42 1.53
Car 0.00 0.00 3.27 0.00 0.00 0.00 0.00 1.47 1.95 5.84 19.77 15.73 -1.07 2.60
Car 0.00 0.00 4.09 0.00 0.00 0.00 0.00 1.51 1.99 4.31 20.25 28.24 -1.23 3.14
Car 0.00 0.00 1.68 0.00 0.00 0.00 0.00 1.66 2.01 4.33 16.76 -54.83 -0.89 2.95
Car 0.00 0.00 1.74 0.00 0.00 0.00 0.00 1.58 1.91 4.40 19.66 -53.98 -1.01 2.96
Car 0.00 0.00 1.77 0.00 0.00 0.00 0.00 1.50 1.89 4.43 21.24 -71.93 -0.54 3.05
Car 0.00 0.00 1.80 0.00 0.00 0.00 0.00 1.61 2.18 4.52 15.73 -47.78 -1.29 3.05
Truck 0.00 0.00 -0.24 0.00 0.00 0.00 0.00 3.39 3.01 12.82 11.31 -14.14 -1.31 0.65
Pedestrian 0.00 0.00 1.57 0.00 0.00 0.00 0.00 1.65 0.58 0.88 29.17 18.50 -0.53 1.00
Pedestrian 0.00 0.00 2.50 0.00 0.00 0.00 0.00 1.69 0.69 0.53 10.31 21.35 -1.40 1.38
Pedestrian 0.00 0.00 2.45 0.00 0.00 0.00 0.00 1.91 0.64 0.75 10.30 18.54 -1.53 1.38
Pedestrian 0.00 0.00 2.63 0.00 0.00 0.00 0.00 1.57 0.53 0.76 7.32 19.87 -1.56 1.41
Pedestrian 0.00 0.00 2.65 0.00 0.00 0.00 0.00 1.57 0.56 0.53 2.34 18.38 -1.84 1.20
Car 0.00 0.00 5.42 0.00 0.00 0.00 0.00 1.73 1.97 4.53 13.82 17.54 -1.30 4.51
Pedestrian 0.00 0.00 -1.82 0.00 0.00 0.00 0.00 1.80 0.58 0.44 -1.73 -6.79 -1.96 0.00
Car 0.00 0.00 1.80 0.00 0.00 0.00 0.00 1.50 1.75 4.58 20.33 -60.42 -0.65 3.04
Pedestrian 0.00 0.00 4.95 0.00 0.00 0.00 0.00 1.56 1.20 0.73 60.51 31.08 1.45 4.47
Pedestrian 0.00 0.00 4.97 0.00 0.00 0.00 0.00 1.75 0.93 0.77 68.74 37.42 1.88 4.47
Pedestrian 0.00 0.00 4.96 0.00 0.00 0.00 0.00 1.56 0.79 0.79 68.48 41.00 1.66 4.42
Pedestrian 0.00 0.00 1.78 0.00 0.00 0.00 0.00 1.57 0.48 0.40 25.55 22.14 -0.80 1.06
Pedestrian 0.00 0.00 7.07 0.00 0.00 0.00 0.00 1.61 0.71 0.71 29.80 31.60 -0.65 6.25
Pedestrian 0.00 0.00 1.06 0.00 0.00 0.00 0.00 1.63 0.69 0.67 29.33 38.46 -0.69 0.14
Pedestrian 0.00 0.00 7.30 0.00 0.00 0.00 0.00 1.69 0.69 0.75 27.80 50.98 -0.94 6.23
Pedestrian 0.00 0.00 1.08 0.00 0.00 0.00 0.00 1.58 0.73 0.56 28.72 33.10 -0.63 0.22
Pedestrian 0.00 0.00 7.01 0.00 0.00 0.00 0.00 1.60 0.35 0.34 28.48 30.70 -0.70 6.19
Cyclist 0.00 0.00 3.60 0.00 0.00 0.00 0.00 1.55 0.57 1.54 35.37 -14.21 -0.56 3.98
Cyclist 0.00 0.00 3.24 0.00 0.00 0.00 0.00 1.54 0.75 1.78 33.94 -14.19 -0.62 3.63
Cyclist 0.00 0.00 3.52 0.00 0.00 0.00 0.00 1.60 0.92 1.83 33.41 -15.48 -0.68 3.95
Cyclist 0.00 0.00 3.40 0.00 0.00 0.00 0.00 1.52 0.70 1.91 31.63 -16.32 -0.74 3.87
Cyclist 0.00 0.00 2.35 0.00 0.00 0.00 0.00 1.59 0.98 1.98 37.41 -13.55 -0.54 2.70
Car 0.00 0.00 1.70 0.00 0.00 0.00 0.00 1.41 1.75 4.25 88.70 12.91 1.50 1.55
Pedestrian 0.00 0.00 4.30 0.00 0.00 0.00 0.00 1.57 0.44 0.24 34.12 14.91 -0.52 3.89
Pedestrian 0.00 0.00 4.60 0.00 0.00 0.00 0.00 1.64 0.58 0.36 34.81 14.76 -0.44 4.20
Pedestrian 0.00 0.00 4.43 0.00 0.00 0.00 0.00 1.81 0.69 0.43 35.38 14.36 -0.47 4.04
Pedestrian 0.00 0.00 1.83 0.00 0.00 0.00 0.00 1.56 0.79 0.47 28.83 21.84 -0.70 1.18
Pedestrian 0.00 0.00 1.61 0.00 0.00 0.00 0.00 1.53 0.58 0.37 29.88 19.56 -0.73 1.03
Car 0.00 0.00 1.75 0.00 0.00 0.00 0.00 1.51 1.94 4.88 66.98 20.79 1.35 1.45
Car 0.00 0.00 1.78 0.00 0.00 0.00 0.00 1.82 1.72 4.26 66.54 22.71 1.25 1.45
Pedestrian 0.00 0.00 8.39 0.00 0.00 0.00 0.00 1.78 0.54 0.69 -2.23 2.74 -1.85 6.13
