Car 0.00 0.00 1.54 0.00 0.00 0.00 0.00 1.54 1.90 4.58 18.68 -78.21 -0.77 2.87
Car 0.00 0.00 1.77 0.00 0.00 0.00 0.00 1.63 1.89 4.73 21.17 -70.87 -0.63 3.05
Car 0.00 0.00 1.74 0.00 0.00 0.00 0.00 1.34 1.76 4.42 18.15 -69.97 -0.77 3.06
Car 0.00 0.00 1.81 0.00 0.00 0.00 0.00 1.44 1.85 4.39 20.11 -60.62 -0.59 3.06
Car 0.00 0.00 1.79 0.00 0.00 0.00 0.00 1.67 1.94 4.37 16.70 -54.96 -1.01 3.06
Car 0.00 0.00 1.59 0.00 0.00 0.00 0.00 1.51 1.93 4.16 19.50 -53.73 -0.90 2.81
Car 0.00 0.00 1.81 0.00 0.00 0.00 0.00 1.53 2.03 4.58 15.72 -47.90 -1.20 3.06
Car 0.00 0.00 1.86 0.00 0.00 0.00 0.00 1.50 1.73 4.56 14.86 -38.07 -1.21 3.06
Car 0.00 0.00 1.94 0.00 0.00 0.00 0.00 1.60 1.94 4.44 18.60 -38.15 -1.03 3.06
Car 0.00 0.00 1.98 0.00 0.00 0.00 0.00 1.38 1.82 4.62 17.90 -32.31 -1.14 3.04
Car 0.00 0.00 1.93 0.00 0.00 0.00 0.00 1.47 1.88 4.63 14.44 -31.12 -1.29 3.06
Cyclist 0.00 0.00 2.14 0.00 0.00 0.00 0.00 1.43 0.64 1.63 25.32 -36.00 -0.82 3.10
Cyclist 0.00 0.00 2.25 0.00 0.00 0.00 0.00 1.46 0.76 1.80 24.84 -32.17 -1.06 3.16
Cyclist 0.00 0.00 2.32 0.00 0.00 0.00 0.00 1.58 0.77 1.87 23.80 -27.46 -1.11 3.18
Cyclist 0.00 0.00 2.22 0.00 0.00 0.00 0.00 1.87 0.64 1.87 25.06 -27.34 -1.03 3.05
Cyclist 0.00 0.00 2.11 0.00 0.00 0.00 0.00 1.51 0.79 1.79 23.46 -32.25 -1.10 3.05
Cyclist 0.00 0.00 2.19 0.00 0.00 0.00 0.00 1.80 0.81 1.95 24.80 -30.03 -0.76 3.07
Cyclist 0.00 0.00 2.17 0.00 0.00 0.00 0.00 1.64 0.76 1.86 23.57 -29.78 -1.00 3.07
Cyclist 0.00 0.00 2.18 0.00 0.00 0.00 0.00 1.52 0.59 1.94 23.02 -27.27 -1.02 3.05
Cyclist 0.00 0.00 3.54 0.00 0.00 0.00 0.00 1.57 0.73 1.56 35.25 -14.22 -0.58 3.92
Cyclist 0.00 0.00 3.18 0.00 0.00 0.00 0.00 1.60 0.73 2.30 33.91 -14.27 -0.77 3.58
Cyclist 0.00 0.00 4.34 0.00 0.00 0.00 0.00 1.67 0.71 2.12 56.39 -10.61 0.07 4.52
Pedestrian 0.00 0.00 4.23 0.00 0.00 0.00 0.00 1.75 0.59 0.50 42.32 -15.57 -0.18 4.58
Pedestrian 0.00 0.00 4.22 0.00 0.00 0.00 0.00 1.83 0.75 0.94 42.79 -16.19 -0.21 4.58
Car 0.00 0.00 1.39 0.00 0.00 0.00 0.00 1.91 2.09 4.89 41.80 1.43 -0.23 1.35
Car 0.00 0.00 1.74 0.00 0.00 0.00 0.00 1.73 1.93 4.39 72.09 11.16 0.68 1.58
Car 0.00 0.00 1.70 0.00 0.00 0.00 0.00 1.84 1.88 4.58 63.75 9.46 -0.07 1.55
Car 0.00 0.00 1.61 0.00 0.00 0.00 0.00 1.68 1.91 4.14 56.13 9.67 0.03 1.44
Car 0.00 0.00 1.75 0.00 0.00 0.00 0.00 1.87 2.55 4.70 48.38 8.95 -0.14 1.57
Truck 0.00 0.00 1.56 0.00 0.00 0.00 0.00 3.04 3.06 13.21 53.88 6.49 0.07 1.44
Car 0.00 0.00 1.59 0.00 0.00 0.00 0.00 1.60 1.91 4.41 42.73 4.98 -0.02 1.47
Car 0.00 0.00 1.77 0.00 0.00 0.00 0.00 1.36 1.78 4.44 39.74 8.20 -0.20 1.56
Car 0.00 0.00 1.70 0.00 0.00 0.00 0.00 1.52 2.09 4.40 35.49 4.50 -0.49 1.57
Car 0.00 0.00 2.14 0.00 0.00 0.00 0.00 1.53 2.01 4.80 28.07 6.80 -0.78 1.90
Car 0.00 0.00 2.05 0.00 0.00 0.00 0.00 1.80 2.01 4.59 32.53 8.89 -0.59 1.78
Car 0.00 0.00 2.61 0.00 0.00 0.00 0.00 1.92 2.10 4.67 26.94 13.62 -0.92 2.14
Pedestrian 0.00 0.00 6.48 0.00 0.00 0.00 0.00 1.92 0.55 0.67 31.03 21.37 -0.78 5.88
Car 0.00 0.00 2.68 0.00 0.00 0.00 0.00 1.72 1.88 4.63 23.09 10.60 -1.03 2.25
Car 0.00 0.00 3.50 0.00 0.00 0.00 0.00 1.63 1.84 4.22 22.13 18.77 -1.05 2.79
Car 0.00 0.00 3.50 0.00 0.00 0.00 0.00 1.44 1.93 4.78 19.07 17.90 -1.13 2.74
Car 0.00 0.00 6.60 0.00 0.00 0.00 0.00 1.60 1.74 4.07 41.25 21.83 -0.04 6.11
Car 0.00 0.00 2.11 0.00 0.00 0.00 0.00 1.68 1.94 4.22 35.42 28.70 -0.12 1.43
Car 0.00 0.00 4.01 0.00 0.00 0.00 0.00 1.43 1.91 3.96 19.98 30.66 -1.18 3.02
Car 0.00 0.00 4.37 0.00 0.00 0.00 0.00 1.39 1.82 4.64 18.08 54.30 -1.23 3.12
Car 0.00 0.00 4.65 0.00 0.00 0.00 0.00 1.40 1.88 4.73 17.73 70.55 -1.03 3.32
Car 0.00 0.00 5.32 0.00 0.00 0.00 0.00 1.77 1.86 4.84 14.45 17.89 -1.34 4.43
Pedestrian 0.00 0.00 2.42 0.00 0.00 0.00 0.00 1.67 0.59 0.62 6.55 19.49 -1.55 1.17
Pedestrian 0.00 0.00 2.63 0.00 0.00 0.00 0.00 1.68 0.52 0.49 0.36 16.78 -1.95 1.08
Pedestrian 0.00 0.00 2.50 0.00 0.00 0.00 0.00 1.70 0.74 0.72 2.82 17.81 -1.81 1.08
Pedestrian 0.00 0.00 2.44 0.00 0.00 0.00 0.00 1.53 0.48 0.44 4.16 19.00 -1.57 1.08
Pedestrian 0.00 0.00 2.52 0.00 0.00 0.00 0.00 1.61 0.50 0.45 2.03 15.79 -1.82 1.08
Pedestrian 0.00 0.00 2.62 0.00 0.00 0.00 0.00 1.67 0.29 0.45 0.65 18.74 -1.86 1.08
Pedestrian 0.00 0.00 2.53 0.00 0.00 0.00 0.00 1.78 0.50 0.41 0.94 16.09 -2.07 1.02
Pedestrian 0.00 0.00 2.56 0.00 0.00 0.00 0.00 1.57 0.57 0.53 0.64 18.04 -1.79 1.02
Cyclist 0.00 0.00 7.80 0.00 0.00 0.00 0.00 1.27 0.79 1.49 0.75 24.54 -1.60 6.26
Cyclist 0.00 0.00 7.58 0.00 0.00 0.00 0.00 1.65 0.97 2.07 4.24 24.59 -1.62 6.18
Car 0.00 0.00 7.68 0.00 0.00 0.00 0.00 1.59 2.02 4.44 2.78 29.25 -1.79 6.20
Car 0.00 0.00 7.58 0.00 0.00 0.00 0.00 2.45 2.24 4.98 5.98 29.40 -1.54 6.21
Car 0.00 0.00 7.44 0.00 0.00 0.00 0.00 1.48 1.93 4.09 9.76 25.16 -1.45 6.24
Car 0.00 0.00 7.58 0.00 0.00 0.00 0.00 1.53 2.03 4.27 9.14 32.43 -1.45 6.28
Car 0.00 0.00 7.69 0.00 0.00 0.00 0.00 1.59 1.86 4.31 2.15 35.80 -1.82 6.18
Truck 0.00 0.00 7.66 0.00 0.00 0.00 0.00 3.50 3.01 11.75 5.29 40.66 -1.49 6.22
Truck 0.00 0.00 7.70 0.00 0.00 0.00 0.00 2.45 2.37 7.42 1.85 43.93 -1.28 6.17
Car 0.00 0.00 0.41 0.00 0.00 0.00 0.00 2.01 1.78 4.86 19.03 -10.21 -1.19 0.90
Cyclist 0.00 0.00 -0.86 0.00 0.00 0.00 0.00 1.47 0.73 2.03 4.58 -15.62 -1.77 0.42
Car 0.00 0.00 -0.60 0.00 0.00 0.00 0.00 1.47 1.87 4.69 11.97 -20.93 -1.44 0.45
Car 0.00 0.00 -1.25 0.00 0.00 0.00 0.00 1.50 1.83 3.95 10.31 -32.30 -1.53 0.01
Car 0.00 0.00 4.84 0.00 0.00 0.00 0.00 1.53 2.00 4.57 9.17 -45.85 -1.52 6.21
Pedestrian 0.00 0.00 4.46 0.00 0.00 0.00 0.00 1.56 0.63 0.60 -1.64 -11.77 -1.92 6.17
Truck 0.00 0.00 4.80 0.00 0.00 0.00 0.00 3.71 2.99 13.58 14.82 -80.94 -0.82 6.19
Car 0.00 0.00 0.47 0.00 0.00 0.00 0.00 1.65 1.76 4.70 33.87 -69.77 -0.10 1.59
Pedestrian 0.00 0.00 1.47 0.00 0.00 0.00 0.00 1.66 0.40 0.54 31.20 19.04 -0.56 0.92
Pedestrian 0.00 0.00 4.11 0.00 0.00 0.00 0.00 1.68 0.60 0.71 18.97 28.08 -1.28 3.13
Pedestrian 0.00 0.00 2.33 0.00 0.00 0.00 0.00 1.23 0.48 0.46 7.94 19.81 -1.54 1.14
Car 0.00 0.00 1.69 0.00 0.00 0.00 0.00 1.44 1.97 4.61 17.65 -63.08 -0.63 2.99
Car 0.00 0.00 1.56 0.00 0.00 0.00 0.00 1.50 1.79 3.90 19.56 -87.08 -0.24 2.91
Pedestrian 0.00 0.00 2.58 0.00 0.00 0.00 0.00 1.74 0.67 0.70 8.18 19.23 -1.51 1.41
Pedestrian 0.00 0.00 4.71 0.00 0.00 0.00 0.00 1.57 0.60 0.66 30.21 16.16 -0.68 4.22
Pedestrian 0.00 0.00 3.10 0.00 0.00 0.00 0.00 1.83 0.48 0.55 29.33 18.94 -0.80 2.53
Cyclist 0.00 0.00 2.89 0.00 0.00 0.00 0.00 1.96 0.56 2.11 31.20 17.62 -0.80 2.37
Car 0.00 0.00 1.89 0.00 0.00 0.00 0.00 1.38 1.90 4.44 18.59 -46.78 -0.93 3.08
Pedestrian 0.00 0.00 4.45 0.00 0.00 0.00 0.00 1.52 1.14 0.80 64.80 -13.70 0.56 4.66
Pedestrian 0.00 0.00 4.42 0.00 0.00 0.00 0.00 1.67 0.80 0.79 56.92 -14.12 0.16 4.66
Pedestrian 0.00 0.00 4.41 0.00 0.00 0.00 0.00 1.54 1.07 0.54 54.54 -14.06 0.50 4.66
Pedestrian 0.00 0.00 4.39 0.00 0.00 0.00 0.00 1.55 0.77 0.36 54.27 -14.87 0.29 4.66
Pedestrian 0.00 0.00 4.91 0.00 0.00 0.00 0.00 1.61 0.91 1.06 50.53 27.58 0.84 4.41
Pedestrian 0.00 0.00 3.97 0.00 0.00 0.00 0.00 1.50 0.52 0.41 21.74 28.71 -0.94 3.05
Pedestrian 0.00 0.00 3.95 0.00 0.00 0.00 0.00 1.58 0.63 0.59 21.73 27.49 -0.90 3.05
Car 0.00 0.00 5.62 0.00 0.00 0.00 0.00 1.82 2.26 4.45 44.78 59.50 0.65 4.69
Pedestrian 0.00 0.00 4.58 0.00 0.00 0.00 0.00 1.60 0.84 0.49 34.99 14.73 -0.14 4.18
Pedestrian 0.00 0.00 4.64 0.00 0.00 0.00 0.00 1.62 0.63 0.46 35.40 14.36 -0.24 4.25
Cyclist 0.00 0.00 2.77 0.00 0.00 0.00 0.00 1.61 0.95 1.74 37.39 -13.53 -0.48 3.12
Pedestrian 0.00 0.00 1.72 0.00 0.00 0.00 0.00 1.57 0.78 0.59 62.51 14.01 0.61 1.50
Pedestrian 0.00 0.00 4.75 0.00 0.00 0.00 0.00 1.72 0.93 0.76 73.86 38.74 1.80 4.27
Pedestrian 0.00 0.00 4.96 0.00 0.00 0.00 0.00 1.63 0.79 0.79 41.51 58.36 0.74 4.01
Truck 0.00 0.00 2.42 0.00 0.00 0.00 0.00 3.11 3.21 9.60 49.41 66.56 1.01 1.49
Car 0.00 0.00 1.72 0.00 0.00 0.00 0.00 1.78 1.93 4.46 66.71 20.89 1.08 1.41
Car 0.00 0.00 1.74 0.00 0.00 0.00 0.00 1.33 1.71 4.39 66.90 22.82 1.36 1.41
Pedestrian 0.00 0.00 2.37 0.00 0.00 0.00 0.00 1.87 0.69 0.89 10.45 1.20 -1.46 2.25
Pedestrian 0.00 0.00 6.84 0.00 0.00 0.00 0.00 1.61 0.55 0.58 33.22 26.39 -0.53 6.17
Pedestrian 0.00 0.00 6.53 0.00 0.00 0.00 0.00 1.67 0.72 0.70 31.03 22.50 -0.67 5.90
