Car 0.00 0.00 1.52 0.00 0.00 0.00 0.00 1.55 1.99 4.29 2.11 35.85 -1.70 0.01
Car 0.00 0.00 7.73 0.00 0.00 0.00 0.00 1.54 1.98 4.65 2.91 29.41 -1.77 6.26
Truck 0.00 0.00 7.76 0.00 0.00 0.00 0.00 2.60 2.52 7.14 2.14 43.97 -1.47 6.24
Truck 0.00 0.00 7.64 0.00 0.00 0.00 0.00 3.54 3.04 11.72 5.34 40.66 -1.53 6.20
Car 0.00 0.00 7.56 0.00 0.00 0.00 0.00 2.49 2.24 5.07 6.05 29.43 -1.58 6.19
Car 0.00 0.00 1.31 0.00 0.00 0.00 0.00 1.55 1.99 4.58 9.13 32.61 -1.53 0.01
Car 0.00 0.00 7.47 0.00 0.00 0.00 0.00 1.50 2.00 4.78 9.78 25.50 -1.47 6.26
Car 0.00 0.00 7.56 0.00 0.00 0.00 0.00 1.65 1.82 4.82 9.98 40.26 -1.27 6.23
Cyclist 0.00 0.00 7.67 0.00 0.00 0.00 0.00 1.63 0.89 1.59 4.26 24.40 -1.66 6.27
Cyclist 0.00 0.00 1.55 0.00 0.00 0.00 0.00 1.61 0.81 1.80 0.74 24.07 -1.93 0.01
Pedestrian 0.00 0.00 5.39 0.00 0.00 0.00 0.00 1.71 0.61 0.59 3.48 16.97 -1.83 4.02
Car 0.00 0.00 4.25 0.00 0.00 0.00 0.00 1.74 2.25 4.89 17.28 25.71 -1.25 3.27
Car 0.00 0.00 4.22 0.00 0.00 0.00 0.00 1.65 1.88 4.68 16.38 35.96 -1.32 3.08
Car 0.00 0.00 3.99 0.00 0.00 0.00 0.00 1.47 1.83 4.55 19.98 30.74 -1.25 2.99
Car 0.00 0.00 3.37 0.00 0.00 0.00 0.00 1.73 1.84 4.69 19.28 17.13 -1.19 2.64
Car 0.00 0.00 3.41 0.00 0.00 0.00 0.00 1.99 1.98 4.75 21.89 20.31 -1.17 2.66
Car 0.00 0.00 2.77 0.00 0.00 0.00 0.00 1.45 1.88 4.96 22.07 11.27 -1.01 2.30
Car 0.00 0.00 2.69 0.00 0.00 0.00 0.00 1.78 1.89 4.72 25.88 12.65 -0.86 2.23
Car 0.00 0.00 2.11 0.00 0.00 0.00 0.00 1.51 2.02 4.61 29.03 6.13 -0.78 1.90
Car 0.00 0.00 2.16 0.00 0.00 0.00 0.00 1.61 1.89 5.03 31.44 10.05 -0.76 1.85
Car 0.00 0.00 0.42 0.00 0.00 0.00 0.00 2.00 2.05 5.17 18.64 -10.25 -1.11 0.92
Car 0.00 0.00 1.62 0.00 0.00 0.00 0.00 1.69 2.17 4.74 36.42 4.51 -0.47 1.50
Car 0.00 0.00 1.38 0.00 0.00 0.00 0.00 1.83 2.06 4.62 31.59 -1.97 -0.64 1.44
Truck 0.00 0.00 1.56 0.00 0.00 0.00 0.00 3.71 3.31 8.48 45.09 5.29 -0.27 1.44
Car 0.00 0.00 1.43 0.00 0.00 0.00 0.00 1.79 2.13 4.75 52.61 -0.57 0.23 1.44
Car 0.00 0.00 1.68 0.00 0.00 0.00 0.00 1.49 1.83 4.63 45.65 8.42 -0.16 1.50
Car 0.00 0.00 1.72 0.00 0.00 0.00 0.00 1.80 1.88 4.39 63.50 10.34 0.36 1.56
Car 0.00 0.00 1.90 0.00 0.00 0.00 0.00 1.66 2.24 4.60 38.95 8.07 -0.09 1.69
Truck 0.00 0.00 1.53 0.00 0.00 0.00 0.00 2.67 3.04 10.33 58.60 3.28 0.29 1.47
Car 0.00 0.00 1.64 0.00 0.00 0.00 0.00 1.54 1.71 4.61 73.00 11.40 0.61 1.48
Pedestrian 0.00 0.00 4.34 0.00 0.00 0.00 0.00 1.75 0.71 0.74 52.76 -13.68 0.13 4.59
Car 0.00 0.00 4.39 0.00 0.00 0.00 0.00 1.48 2.01 4.57 17.93 62.22 -1.16 3.10
Car 0.00 0.00 4.44 0.00 0.00 0.00 0.00 1.43 2.00 4.47 17.36 70.41 -0.92 3.11
Pedestrian 0.00 0.00 4.80 0.00 0.00 0.00 0.00 1.81 0.93 0.94 20.20 62.09 -1.19 3.54
Pedestrian 0.00 0.00 7.32 0.00 0.00 0.00 0.00 1.59 0.70 0.59 27.12 56.96 -0.74 6.19
Car 0.00 0.00 2.08 0.00 0.00 0.00 0.00 1.65 1.94 4.64 36.58 28.85 -0.11 1.41
Car 0.00 0.00 6.58 0.00 0.00 0.00 0.00 1.72 1.87 4.78 41.45 21.54 -0.17 6.10
Pedestrian 0.00 0.00 1.90 0.00 0.00 0.00 0.00 1.75 0.69 0.56 38.26 24.51 -0.29 1.33
Pedestrian 0.00 0.00 1.83 0.00 0.00 0.00 0.00 1.63 0.80 0.50 47.13 23.38 0.46 1.37
Pedestrian 0.00 0.00 4.45 0.00 0.00 0.00 0.00 1.64 0.81 0.59 57.07 -14.28 0.33 4.69
Cyclist 0.00 0.00 2.16 0.00 0.00 0.00 0.00 1.49 0.73 1.54 23.85 -27.36 -1.11 3.01
Pedestrian 0.00 0.00 2.32 0.00 0.00 0.00 0.00 1.89 0.76 1.11 25.11 -26.89 -1.09 3.14
Cyclist 0.00 0.00 2.18 0.00 0.00 0.00 0.00 1.53 0.76 1.51 23.57 -29.07 -1.05 3.07
Cyclist 0.00 0.00 2.13 0.00 0.00 0.00 0.00 1.59 0.79 1.52 25.63 -29.99 -0.97 2.99
Car 0.00 0.00 1.88 0.00 0.00 0.00 0.00 1.47 1.93 4.69 18.78 -46.84 -1.06 3.07
Car 0.00 0.00 1.94 0.00 0.00 0.00 0.00 1.52 1.94 4.66 14.52 -31.11 -1.32 3.07
Car 0.00 0.00 1.87 0.00 0.00 0.00 0.00 1.62 2.05 4.67 14.95 -38.13 -1.35 3.07
Car 0.00 0.00 1.95 0.00 0.00 0.00 0.00 1.69 1.91 5.07 18.64 -38.57 -1.19 3.07
Car 0.00 0.00 1.82 0.00 0.00 0.00 0.00 1.67 2.05 4.88 15.70 -48.05 -1.41 3.07
Car 0.00 0.00 4.81 0.00 0.00 0.00 0.00 1.87 2.13 4.70 10.74 -63.97 -1.44 6.21
Car 0.00 0.00 4.86 0.00 0.00 0.00 0.00 1.73 2.07 4.46 13.89 -71.45 -1.12 6.24
Car 0.00 0.00 1.80 0.00 0.00 0.00 0.00 1.45 1.91 4.83 16.70 -55.14 -0.79 3.08
Car 0.00 0.00 1.97 0.00 0.00 0.00 0.00 1.45 1.90 4.58 17.93 -31.90 -1.21 3.03
Car 0.00 0.00 1.85 0.00 0.00 0.00 0.00 1.55 1.78 4.59 19.63 -54.09 -1.05 3.07
Car 0.00 0.00 1.76 0.00 0.00 0.00 0.00 1.65 1.81 4.60 18.21 -70.07 -1.08 3.07
Car 0.00 0.00 1.79 0.00 0.00 0.00 0.00 1.51 1.76 4.65 20.07 -60.90 -0.66 3.04
Car 0.00 0.00 1.82 0.00 0.00 0.00 0.00 1.54 1.96 4.74 17.57 -63.26 -0.74 3.12
Car 0.00 0.00 1.73 0.00 0.00 0.00 0.00 1.51 1.93 4.70 18.58 -78.21 -0.75 3.07
Car 0.00 0.00 1.75 0.00 0.00 0.00 0.00 1.54 1.83 4.61 19.71 -87.52 -0.28 3.10
Car 0.00 0.00 0.45 0.00 0.00 0.00 0.00 1.60 1.83 4.53 33.82 -69.69 -0.12 1.57
Pedestrian 0.00 0.00 4.31 0.00 0.00 0.00 0.00 1.97 0.76 0.82 8.74 -1.19 -1.64 4.44
Cyclist 0.00 0.00 3.68 0.00 0.00 0.00 0.00 1.58 0.99 2.01 26.97 37.16 -0.62 2.74
Pedestrian 0.00 0.00 1.50 0.00 0.00 0.00 0.00 1.52 0.48 0.50 30.74 18.37 -1.18 0.96
Pedestrian 0.00 0.00 1.39 0.00 0.00 0.00 0.00 1.84 0.80 0.71 28.47 18.16 -0.83 0.82
Cyclist 0.00 0.00 2.19 0.00 0.00 0.00 0.00 1.45 0.73 1.45 23.25 -30.69 -1.02 3.11
Cyclist 0.00 0.00 2.22 0.00 0.00 0.00 0.00 1.76 0.79 1.79 25.60 -32.65 -1.23 3.12
Cyclist 0.00 0.00 -1.28 0.00 0.00 0.00 0.00 1.58 1.02 1.71 7.90 -82.83 -1.32 0.19
Cyclist 0.00 0.00 2.25 0.00 0.00 0.00 0.00 1.61 0.54 1.48 24.64 -28.29 -0.95 3.10
Pedestrian 0.00 0.00 4.31 0.00 0.00 0.00 0.00 1.69 0.53 0.52 30.00 16.12 -0.65 3.82
Pedestrian 0.00 0.00 4.90 0.00 0.00 0.00 0.00 1.58 0.47 0.49 34.11 16.36 -0.34 4.45
Car 0.00 0.00 1.75 0.00 0.00 0.00 0.00 1.37 1.76 4.45 21.22 -71.25 -0.45 3.03
Cyclist 0.00 0.00 2.19 0.00 0.00 0.00 0.00 1.54 0.80 1.78 24.91 -34.46 -1.03 3.13
Pedestrian 0.00 0.00 1.04 0.00 0.00 0.00 0.00 1.66 0.56 0.60 41.60 -15.47 -0.11 1.39
Pedestrian 0.00 0.00 1.12 0.00 0.00 0.00 0.00 1.56 0.63 0.60 41.60 -16.19 -0.05 1.49
Pedestrian 0.00 0.00 5.01 0.00 0.00 0.00 0.00 1.75 0.70 0.73 23.78 17.26 -1.13 4.38
Pedestrian 0.00 0.00 7.21 0.00 0.00 0.00 0.00 1.57 0.70 0.55 1.51 23.99 -1.83 5.70
Pedestrian 0.00 0.00 3.95 0.00 0.00 0.00 0.00 1.56 0.63 0.65 29.07 29.06 -0.49 3.16
Pedestrian 0.00 0.00 4.47 0.00 0.00 0.00 0.00 1.51 0.42 0.39 33.07 17.27 -0.51 3.99
Pedestrian 0.00 0.00 4.47 0.00 0.00 0.00 0.00 1.54 0.63 0.46 31.26 17.51 -0.41 3.96
Cyclist 0.00 0.00 3.55 0.00 0.00 0.00 0.00 1.54 0.52 1.50 35.43 -14.15 -0.62 3.93
Cyclist 0.00 0.00 2.27 0.00 0.00 0.00 0.00 1.54 0.88 2.01 37.46 -13.53 -0.47 2.62
Cyclist 0.00 0.00 3.28 0.00 0.00 0.00 0.00 1.41 0.75 1.71 33.71 -14.23 -0.62 3.68
Pedestrian 0.00 0.00 4.21 0.00 0.00 0.00 0.00 1.54 0.63 0.59 44.28 -15.60 0.06 4.55
Pedestrian 0.00 0.00 4.36 0.00 0.00 0.00 0.00 1.53 0.79 0.66 55.12 -14.45 0.57 4.61
Pedestrian 0.00 0.00 4.59 0.00 0.00 0.00 0.00 1.55 0.46 0.53 31.68 17.13 -0.45 4.09
Pedestrian 0.00 0.00 2.01 0.00 0.00 0.00 0.00 1.63 1.11 0.54 21.51 28.03 -1.14 1.09
Car 0.00 0.00 1.69 0.00 0.00 0.00 0.00 1.64 1.90 4.56 52.63 9.31 0.01 1.51
