Car 2.0886 4.3434 1.5039 -12.8390 0.3616 -1.2322 4.7805 0.9597
Car 1.8848 4.2603 1.4947 12.8989 7.0218 -1.8338 4.7299 0.9535
Car 1.9082 4.3491 1.7432 -2.7134 3.5747 -1.3827 4.7354 0.9527
Car 2.1718 4.3100 1.7806 12.0017 -0.3792 -1.8765 4.7622 0.9465
Truck 3.1282 12.3240 3.3135 -13.5504 -3.4351 -1.3921 4.7380 0.9390
Car 1.8815 4.2844 1.5393 35.4730 -3.6356 -2.7368 4.6133 0.9376
Car 1.8358 4.1872 1.4975 -34.1735 4.9732 -0.8486 4.7840 0.9335
Car 1.9734 4.2243 1.4767 33.6673 3.5832 -2.5739 4.7070 0.9306
Car 1.9104 4.7031 1.8764 -22.2856 4.3462 -1.0589 4.7780 0.9261
Car 1.8346 4.2123 1.4814 -34.0166 1.4122 -0.7848 4.7330 0.9108
Car 1.8681 4.2487 1.5066 -42.0485 2.9485 -0.6035 4.8070 0.8872
Car 2.4224 4.7901 2.2377 -13.4861 3.9932 -1.2293 4.8246 0.8658
Car 2.0684 4.3879 1.5566 -24.3770 0.4719 -1.0755 4.8205 0.8451
Car 1.9361 4.3673 1.5075 58.9678 -3.4443 -3.4668 4.7529 0.8390
Car 1.9229 4.3238 1.7377 29.4000 -0.0596 -2.3888 4.6915 0.8033
Pedestrian 0.5139 0.5147 1.6551 -2.7929 -11.3812 -1.1635 -1.5385 0.7606
Car 1.9583 4.4096 1.6179 49.4881 4.5331 -3.2503 4.6901 0.7471
Pedestrian 0.5655 0.6304 1.6550 -14.1156 -9.8006 -0.9496 1.6156 0.7343
Car 2.2015 4.4038 1.4854 -23.9091 -4.1284 -1.1190 4.5653 0.7283
Truck 2.9491 10.3352 2.9029 0.7081 33.4065 -1.7305 2.0893 0.7255
Car 1.8584 4.3096 1.5429 -69.9919 5.9288 -0.1390 4.6826 0.7019
Pedestrian 0.4517 0.4951 1.6658 -12.8396 -10.7574 -0.9600 4.7874 0.7007
Car 1.9198 4.3683 1.5148 74.1604 15.9930 -4.1930 1.5938 0.6960
Car 1.8603 4.2677 1.6003 -49.8104 3.7582 -0.6099 4.8423 0.6894
Truck 3.0434 10.1421 2.9639 82.5878 21.9279 -4.3142 1.6207 0.6431
Truck 2.7078 6.9264 2.5722 55.7332 0.4760 -3.1249 4.7029 0.5842
Car 1.9373 4.3078 1.6173 -58.7121 4.2746 -0.1142 4.8225 0.5839
Car 2.1990 5.5716 2.2721 7.5965 -3.7587 -1.7802 4.7162 0.5672
Car 1.8274 4.2481 1.4903 80.0248 18.7987 -4.1482 1.6095 0.5457
Pedestrian 0.5034 0.3595 1.6319 -66.7437 -5.3813 -0.2132 1.6576 0.4421
Car 1.8076 4.2241 1.4827 -34.2863 -8.1136 -1.7542 1.5185 0.4226
Pedestrian 0.8222 0.6203 1.7139 61.5077 -8.2635 -3.4908 -1.7249 0.3657
Truck 2.7083 7.3278 3.0466 -16.3358 -16.3651 -1.0936 4.0515 0.3045
Cyclist 0.6830 1.7592 1.6823 -89.1703 -3.6366 0.2776 1.6103 0.2980
Pedestrian 0.6459 0.6293 1.7017 -67.2883 -6.1371 -0.2694 4.7717 0.2947
Pedestrian 0.4055 0.4105 1.6227 15.8171 -9.4210 -1.6723 4.7874 0.2711
Pedestrian 0.7184 0.4000 1.6300 37.0358 -7.7249 -2.7447 -1.5241 0.2079
Pedestrian 0.5044 0.3981 1.6827 -89.5459 -4.8586 0.3452 1.6974 0.2061
Pedestrian 0.7381 0.6269 1.6565 64.8374 9.7461 -2.6374 -1.7066 0.1889
Pedestrian 0.2217 0.1984 1.4685 2.2656 -6.4791 -1.5815 5.8932 0.1854
Pedestrian 0.5322 0.3922 1.6246 -78.8814 -6.7526 -0.4078 -1.4638 0.1794
Pedestrian 0.4441 0.3914 1.5651 10.4128 -35.9465 -0.8369 2.1264 0.1615
Pedestrian 0.5536 0.4237 1.6196 27.5844 -13.9366 -0.6405 4.1373 0.1428
Pedestrian 0.5548 0.4193 1.5823 56.4555 -10.4646 -3.5856 -1.4409 0.1362
Pedestrian 0.3792 0.2767 1.5833 29.4921 -9.5118 -2.6131 -1.4540 0.1359
Pedestrian 0.5838 0.3630 1.5935 -78.8907 -1.0884 -0.2166 -1.5607 0.1220
Pedestrian 0.6583 0.6157 1.6179 58.7431 -9.3230 -3.5113 4.7092 0.1086
Pedestrian 0.4463 0.4745 1.5536 -23.1059 -13.3255 -0.9953 1.3507 0.1040
Pedestrian 0.8377 0.4242 1.6231 84.6674 -17.3483 -4.1306 -1.4700 0.1036
