Car 1.8462 4.2412 1.4785 12.4730 7.0167 -1.7828 4.7514 0.9661
Car 2.1704 4.3083 1.6980 12.2648 -0.3903 -1.8270 4.7442 0.9609
Car 2.1041 4.3641 1.5237 -12.8660 0.3374 -1.2240 4.7886 0.9492
Car 1.9637 4.2870 1.5005 36.1060 -3.6563 -2.7370 4.6504 0.9490
Car 1.8985 4.3444 1.8002 -2.9152 3.5909 -1.4279 4.7302 0.9480
Car 2.0238 4.2604 1.5156 34.1526 3.5442 -2.5821 4.7273 0.9444
Truck 3.1892 12.3193 3.1746 -13.7311 -3.4357 -1.3311 4.7336 0.9287
Car 1.9324 4.6117 1.8133 -22.4796 4.3059 -1.0690 4.7510 0.9265
Car 1.8228 4.2176 1.4855 -34.4581 4.9793 -0.8379 4.7657 0.8950
Car 1.9347 4.3760 1.5143 59.7118 -3.2988 -3.4587 4.6473 0.8848
Car 1.8660 4.3086 1.5206 -34.4003 1.3517 -0.8233 4.7717 0.8487
Car 2.3605 4.7475 2.2082 -13.7349 3.9422 -1.2423 4.8173 0.8422
Car 1.9560 4.3257 1.8023 29.8134 0.0425 -2.4169 4.6483 0.8114
Truck 3.0558 10.6487 3.1885 81.6949 21.8787 -4.4657 1.5993 0.8092
Car 1.8654 4.3822 1.5305 79.4025 19.0411 -4.4823 1.6219 0.8025
Car 2.1773 4.3251 1.5098 -25.0408 0.5049 -1.0353 4.7906 0.8000
Truck 2.9464 10.2782 2.7494 0.0390 33.6177 -1.4990 2.1001 0.7981
Car 1.8322 4.2578 1.6116 -42.2123 3.0081 -0.6483 4.8514 0.7865
Car 2.0180 4.4564 1.6709 73.2151 16.0876 -4.1798 1.6292 0.7828
Car 1.9999 4.5252 1.6249 50.0733 4.5523 -3.2586 4.7162 0.7769
Car 1.9416 4.2774 1.4459 -24.1408 -3.9557 -1.1648 4.6698 0.7416
Pedestrian 0.5015 0.4198 1.6370 -14.6433 -9.7855 -0.9641 1.5669 0.7157
Truck 2.8544 7.1581 2.8927 56.5598 0.4733 -3.3380 4.7007 0.6799
Pedestrian 0.5253 0.5376 1.5960 -3.2428 -11.4264 -1.1483 4.6786 0.6773
Car 1.8724 4.3442 1.6971 -49.7662 3.7213 -0.6132 4.8116 0.5775
Pedestrian 0.4886 0.5436 1.6921 -13.4030 -10.6530 -0.9290 1.5252 0.5751
Car 1.8232 4.2146 1.5802 -69.8150 6.1685 -0.1356 4.6553 0.5617
Truck 2.0788 5.9182 2.1435 8.0398 -3.8021 -1.7902 4.7104 0.5170
Car 1.8119 4.2322 1.4762 -34.6403 -7.8105 -1.6333 4.8814 0.4458
Pedestrian 0.9644 0.7029 1.9002 64.4587 9.8533 -2.8765 -1.6177 0.4148
Car 1.8134 4.3055 1.5094 74.7242 -18.2949 -3.7237 4.7951 0.3920
Car 1.8356 4.2537 1.5255 84.9874 -9.4954 -3.9485 1.6643 0.3581
Pedestrian 0.5024 0.4322 1.5921 -67.4028 -6.0291 -0.0724 1.6248 0.3367
Pedestrian 0.4784 0.3970 1.5916 -66.9491 -5.4114 -0.0559 1.6418 0.3105
Truck 3.3374 11.9906 2.8927 -60.4139 -40.6395 -1.4761 4.7234 0.3093
Pedestrian 0.4468 0.3633 1.5898 -77.2974 -29.3473 -1.9875 -1.7529 0.2518
Pedestrian 0.5130 0.4598 1.6473 81.1003 -14.6159 -3.8238 -1.4704 0.2279
Pedestrian 0.6207 0.3998 1.5821 36.6584 -7.7273 -2.6864 -1.5798 0.2174
Pedestrian 0.7295 0.6762 1.6011 61.2187 -8.2676 -3.4998 4.5800 0.2111
Pedestrian 0.5892 0.5441 1.6324 81.5565 -13.5257 -4.0495 4.8508 0.1929
Pedestrian 0.3619 0.3760 1.6195 15.3227 -9.4353 -1.6958 4.8438 0.1832
Pedestrian 0.4854 0.3760 1.5877 53.2593 4.5542 -3.4516 -1.5095 0.1794
Pedestrian 0.7685 0.6063 1.6535 69.8560 13.3064 -3.3087 1.5448 0.1706
Pedestrian 0.2379 0.2121 1.4711 1.8932 -6.4749 -1.6133 3.0245 0.1531
Pedestrian 0.4926 0.4015 1.6178 -79.2161 -6.8276 -0.4492 1.7647 0.1492
Pedestrian 0.4368 0.3885 1.5624 10.0576 -35.9383 -0.8435 2.1714 0.1445
Pedestrian 0.5334 0.4966 1.5565 -23.8419 -12.6876 -1.0414 -1.6864 0.1414
Pedestrian 0.4583 0.3242 1.5597 56.0668 -10.5247 -3.4943 -1.4738 0.1404
Pedestrian 0.5317 0.5198 1.5626 32.4222 -8.6042 -2.6658 -1.4802 0.1336
Pedestrian 0.7458 0.6312 1.5845 58.3707 -9.3284 -3.3787 4.9347 0.1298
Pedestrian 0.4860 0.3815 1.5762 34.2169 32.0571 -1.0296 3.5741 0.1176
Pedestrian 0.6651 0.4443 1.6210 -79.1979 -1.1447 -0.2343 -1.5613 0.1161
