Car 2.1553 4.2648 1.6537 11.7930 -0.4160 -1.7844 4.7497 0.9690
Car 2.0461 4.3436 1.5129 -12.5143 0.3873 -1.2130 4.7925 0.9654
Car 1.8415 4.2346 1.4923 13.7401 6.9955 -1.8300 4.7431 0.9651
Car 1.9509 4.2848 1.7662 -2.2224 3.5233 -1.4588 4.7499 0.9451
Car 1.8939 4.2221 1.4994 32.9004 3.4342 -2.5973 4.7500 0.9446
Car 1.9429 4.3328 1.5166 34.5196 -3.6697 -2.7455 4.6191 0.9406
Car 1.8303 4.1470 1.4447 -33.3696 5.0048 -0.8370 4.8041 0.9401
Car 1.9081 4.6530 1.9171 -21.6641 4.3970 -1.1555 4.7767 0.9373
Truck 3.1757 12.2411 3.3769 -13.0419 -3.4472 -1.3208 4.7410 0.9339
Car 1.8649 4.2294 1.5028 -41.2035 2.9245 -0.5489 4.8212 0.9067
Car 1.8349 4.2415 1.4883 -33.1303 1.4097 -0.8318 4.7735 0.9004
Car 1.9640 4.4285 1.5406 57.7610 -3.4059 -3.3864 4.6553 0.8966
Car 2.0787 4.3344 1.6345 -23.2406 0.4555 -1.1687 4.8230 0.8634
Car 2.4324 4.8104 2.2994 -12.7798 3.9782 -1.2786 4.8204 0.8613
Pedestrian 0.4939 0.5815 1.6716 -1.7215 -11.4225 -1.1715 1.6505 0.8475
Car 1.9441 4.5188 1.6459 76.1156 15.8605 -4.3311 1.6227 0.8464
Truck 3.1866 10.0179 3.2865 84.9143 21.7189 -4.7355 1.5937 0.8463
Car 1.9050 4.3359 1.5538 48.3538 4.4173 -3.0979 4.7041 0.8349
Car 1.9007 4.3188 1.5754 81.7185 18.8701 -4.5304 1.5935 0.8240
Car 1.9910 4.3348 1.8139 28.8883 -0.0929 -2.4226 4.6428 0.7524
Truck 2.8515 9.9860 2.6915 2.4841 32.7896 -1.6066 2.0706 0.7509
Car 2.1077 4.4190 1.5091 -23.1804 -4.0748 -1.1359 4.6128 0.7110
Truck 2.7612 6.8618 2.8716 54.4718 0.4335 -3.2935 4.7030 0.6819
Car 1.8482 4.2452 1.6191 -49.1752 3.8673 -0.6494 4.8444 0.6611
Pedestrian 0.6941 0.8657 1.6596 -13.0042 -9.9647 -1.0089 1.6549 0.6557
Car 1.9007 4.3187 1.6375 -58.0639 4.3599 -0.1343 4.8015 0.6444
Car 1.8425 4.2229 1.5206 -70.0069 5.9037 -0.0588 4.7560 0.6437
Pedestrian 0.5462 0.5821 1.6139 -11.7056 -10.9311 -1.0307 1.6764 0.6165
Truck 2.1115 5.9998 2.1578 7.5568 -3.7636 -1.7797 4.7132 0.5597
Pedestrian 0.9342 0.6928 1.9502 65.7310 9.7988 -3.2031 -1.6158 0.4423
Car 2.1320 4.3270 1.5345 -33.7210 -8.1242 -1.4880 4.6375 0.4058
Car 1.8338 4.2990 1.5562 75.9459 -18.3180 -3.8230 4.8208 0.3828
Car 1.8578 4.2414 1.5818 86.2043 -8.8018 -4.0061 1.5885 0.3485
Pedestrian 0.4785 0.4350 1.6593 -88.4676 -4.7591 0.4326 1.7903 0.3242
Pedestrian 0.7400 0.4715 1.6651 62.2882 -8.3030 -3.3931 -1.8100 0.3119
Pedestrian 0.6071 0.5255 1.7098 -88.0471 -3.4348 0.4002 1.7349 0.3038
Car 2.0432 5.1205 1.9199 24.3952 39.0149 -0.6202 4.6621 0.3024
Pedestrian 0.5805 0.6698 1.7295 -66.6000 -5.9728 -0.1214 1.5690 0.1928
Pedestrian 0.3996 0.4068 1.5900 16.8648 -9.4159 -1.7279 4.7321 0.1760
Pedestrian 0.4719 0.3853 1.6080 -76.3920 -31.2947 -1.8628 -1.5460 0.1749
Pedestrian 0.3143 0.2854 1.5386 11.6942 -37.1899 -1.0751 -1.3214 0.1433
Pedestrian 0.6034 0.3545 1.5968 -77.9540 -1.0409 -0.2196 -1.5486 0.1375
Pedestrian 0.5259 0.3906 1.6150 -78.8833 11.3077 0.6039 1.6007 0.1341
Pedestrian 0.9357 0.7654 1.8659 72.6876 39.7765 -1.0296 6.8204 0.1306
Pedestrian 0.4141 0.4645 1.5591 33.7453 -8.7455 -2.6970 4.8495 0.1280
Pedestrian 0.4571 0.3525 1.6566 -66.1650 -5.4067 -0.0436 1.5813 0.1258
Pedestrian 0.3035 0.2853 1.5416 12.3096 -38.4924 -1.1567 1.7532 0.1249
Pedestrian 0.5053 0.4084 1.5769 35.4888 31.9284 -1.2376 3.4224 0.1221
Pedestrian 0.4379 0.5107 1.4565 -12.0549 -11.4475 -1.0716 -1.4983 0.1125
Pedestrian 0.5839 0.6248 1.5270 15.7457 -14.3588 -1.8964 1.7169 0.1111
Pedestrian 0.4232 0.4200 1.5989 -62.1170 -4.8706 -0.4229 1.5671 0.1109
Pedestrian 0.3699 0.3491 1.5708 11.5778 -17.1660 -1.5796 5.5821 0.1046
