Car 1.8814 4.2448 1.4957 11.1161 7.0615 -1.7743 4.7378 0.9642
Car 2.0811 4.3246 1.4954 -13.0641 0.2920 -1.2095 4.7463 0.9595
Car 2.1416 4.2926 1.7003 12.7511 -0.3633 -1.8419 4.7464 0.9516
Car 1.9611 4.2352 1.7697 -3.5889 3.5406 -1.4153 4.7427 0.9512
Car 1.9504 4.5770 1.9099 -23.4123 4.3219 -1.0010 4.7598 0.9479
Car 2.0037 4.3222 1.4938 37.9062 -3.5166 -2.8647 4.6242 0.9348
Truck 3.1869 12.2199 3.2247 -14.5102 -3.4914 -1.2863 4.7372 0.9346
Car 2.0898 4.3366 1.5226 35.5150 3.7007 -2.6883 4.7060 0.9269
Car 1.8165 4.1978 1.4785 -35.5022 4.9228 -0.7357 4.7771 0.9192
Car 1.8555 4.2712 1.5099 -35.6850 1.3548 -0.7500 4.7533 0.8975
Truck 3.1138 10.6418 3.2154 77.9426 22.0922 -4.6744 1.6019 0.8926
Car 2.4187 4.7502 2.2058 -14.5955 3.9210 -1.1564 4.8223 0.8822
Car 1.8674 4.3120 1.5796 -43.5444 2.7964 -0.4711 4.7156 0.8772
Car 1.9705 4.3387 1.7816 30.6737 0.0729 -2.4889 4.6716 0.8460
Car 1.9415 4.3554 1.5468 51.9785 4.6110 -3.3001 4.7231 0.8262
Truck 2.8593 10.4413 2.7888 -2.5069 34.4327 -1.4777 2.1316 0.8248
Car 2.1788 4.3319 1.5242 -25.8384 0.4728 -0.9847 4.7770 0.8121
Car 2.2147 4.3668 1.4922 -25.3300 -4.2143 -1.0778 4.6081 0.8060
Car 1.8424 4.2724 1.5804 -69.7544 6.1758 0.0787 4.7256 0.7988
Car 2.0494 4.4481 1.7280 70.0985 16.2734 -4.1569 1.6323 0.7805
Car 1.8485 4.3028 1.5015 61.5824 -3.1546 -3.5781 4.6103 0.7794
Pedestrian 0.5784 0.7079 1.6882 -16.3793 -9.6608 -0.9151 1.6045 0.7185
Car 1.8616 4.3536 1.5280 76.8388 19.2576 -4.4668 1.6197 0.7161
Car 1.8425 4.2837 1.5382 -51.5606 3.7193 -0.4702 4.8246 0.6815
Car 1.9622 4.2906 1.5526 -60.5481 4.3034 -0.0413 4.8171 0.6621
Truck 2.1492 6.0395 2.1631 8.4609 -3.7714 -1.7789 4.7129 0.6026
Car 1.8499 4.2734 1.5060 -35.8084 -8.1182 -1.6887 4.8088 0.5807
Pedestrian 0.5666 0.5181 1.6828 -67.9407 -5.4056 0.0598 1.6316 0.5668
Truck 2.7039 7.1452 2.5841 58.4816 0.6879 -3.3744 4.6823 0.5532
Pedestrian 0.6293 0.5955 1.6611 -68.3650 -6.1249 0.0030 1.6490 0.5191
Pedestrian 0.4216 0.4024 1.6239 13.6752 -10.1423 -1.8041 4.7488 0.5168
Pedestrian 0.3705 0.2953 1.5578 -4.6323 -11.5023 -1.1774 1.5450 0.4668
Truck 2.4786 6.4813 2.5008 22.4143 39.4368 -0.9982 4.6530 0.4438
Car 1.8609 4.2325 1.5670 83.6791 -8.4638 -4.3395 4.6137 0.4339
Pedestrian 0.3065 0.3107 1.6120 13.7148 -9.3285 -1.7557 4.7666 0.3952
Cyclist 0.7324 1.5903 1.6675 63.1179 9.8472 -2.6033 2.8442 0.3159
Pedestrian 0.5865 0.3968 1.5728 59.7477 -8.2528 -3.5646 -1.8146 0.2733
Pedestrian 0.6880 0.5217 1.5613 35.4521 -7.6097 -2.6276 -1.4909 0.2026
Pedestrian 0.4081 0.3689 1.5744 -77.9701 -27.6588 -1.9684 -1.3720 0.1971
Pedestrian 0.5121 0.5360 1.5778 60.6831 -8.0780 -3.6189 4.5556 0.1879
Pedestrian 0.5456 0.5656 1.7121 -16.8352 -6.2824 -0.4938 4.7167 0.1676
Pedestrian 0.5037 0.4596 1.6537 25.8689 -13.8811 -0.6169 4.3682 0.1576
Pedestrian 0.4945 0.5009 1.5762 -3.6659 -7.1066 -1.4166 -1.6106 0.1443
Pedestrian 0.5254 0.4018 1.5942 32.8754 32.0917 -1.0082 6.5809 0.1419
Pedestrian 0.7326 0.4121 1.6394 71.4499 -18.3636 -3.5756 -1.5256 0.1310
Pedestrian 0.5945 0.5073 1.6226 72.7294 32.3659 -4.7191 1.6795 0.1097
Pedestrian 0.3566 0.2937 1.5502 8.6787 -35.9315 -0.7817 1.7951 0.1066
Pedestrian 0.7964 0.7213 1.5956 57.0938 -9.2102 -3.4540 4.9570 0.1012
