Car 1.8749 4.1922 1.4825 11.9916 7.0092 -1.7935 4.7511 0.9641
Car 2.1711 4.3218 1.6728 12.4355 -0.4097 -1.8296 4.7369 0.9627
Car 2.0902 4.2738 1.4929 -12.9508 0.2881 -1.2328 4.7716 0.9574
Car 1.9062 4.2419 1.7439 -3.0844 3.5765 -1.4292 4.7394 0.9523
Car 1.8972 4.5552 1.9361 -22.7794 4.3331 -1.0777 4.7596 0.9360
Car 1.8180 4.2651 1.4955 36.6167 -3.5436 -2.7486 4.5917 0.9351
Truck 3.1415 12.1683 3.2253 -13.9819 -3.4776 -1.2827 4.7345 0.9324
Car 1.8177 4.2232 1.4872 -34.8416 4.9328 -0.8136 4.7937 0.9296
Car 1.9236 4.2108 1.5038 34.5415 3.5968 -2.5847 4.7278 0.9290
Car 1.8721 4.2625 1.5684 -34.9235 1.3688 -0.7772 4.7637 0.8921
Car 1.8858 4.2866 1.5356 -42.7742 2.8173 -0.5669 4.7806 0.8765
Car 2.4135 4.7692 2.2408 -13.9669 3.9218 -1.2168 4.8186 0.8746
Car 1.9111 4.3351 1.5095 60.3181 -3.3979 -3.5172 4.7353 0.8684
Truck 3.0584 10.4439 3.0937 80.2884 22.0199 -4.4547 1.6031 0.8173
Pedestrian 0.5584 0.8061 1.7331 -15.2851 -9.7448 -0.9126 4.7244 0.8158
Car 2.0130 4.3466 1.5978 72.1471 16.1326 -4.0997 1.6334 0.8015
Car 2.1463 4.3403 1.5081 -25.3531 0.5178 -1.0237 4.8030 0.7953
Car 1.9349 4.4396 1.5978 50.7222 4.5629 -3.3290 4.7082 0.7739
Car 1.8545 4.3391 1.5340 78.4816 19.0934 -4.3620 1.6233 0.7697
Truck 2.9158 9.4792 2.8323 -0.4253 33.6347 -1.5708 2.1337 0.7584
Car 1.9829 4.3138 1.7783 30.0500 -0.0188 -2.4099 4.6821 0.7535
Car 1.8766 4.3314 1.7212 -69.7879 5.9179 -0.1229 4.6930 0.7457
Car 2.1551 4.3498 1.4696 -24.6052 -4.0768 -1.1691 4.6759 0.7137
Truck 2.8235 6.9245 2.7756 57.0367 0.4584 -3.4046 4.7183 0.6614
Car 1.8508 4.2835 1.5603 -50.6657 3.6889 -0.5099 4.8009 0.6507
Car 1.9279 4.2949 1.6021 -59.7559 4.2819 -0.1080 4.8435 0.6478
Car 2.1371 5.7668 2.2270 8.0435 -3.7881 -1.7770 4.7174 0.6355
Pedestrian 0.4824 0.4380 1.5968 -3.8026 -11.3797 -1.1274 1.6363 0.6288
Car 1.8077 4.2267 1.4716 -35.0273 -7.8651 -1.7025 4.8980 0.6214
Pedestrian 0.5640 0.4964 1.6878 -67.3328 -5.3964 -0.1289 1.6305 0.5387
Pedestrian 0.6193 0.5160 1.7074 -67.6785 -6.0553 -0.2172 1.6364 0.4805
Pedestrian 0.5022 0.7608 1.6560 -14.1284 -10.6471 -0.8779 4.6637 0.3807
Car 1.8414 4.2776 1.5269 84.4789 -8.8060 -4.0726 1.5677 0.3695
Car 1.8694 4.8189 1.7741 22.3208 38.9584 -1.0396 4.6730 0.3275
Pedestrian 0.4862 0.4504 1.6382 -77.5410 -28.8764 -2.1324 -1.4910 0.3158
Car 1.8000 4.2748 1.5105 74.3188 -18.3630 -3.5512 4.7987 0.3088
Pedestrian 0.7968 0.7472 1.7209 63.9579 9.8196 -2.7463 -1.5418 0.3005
Pedestrian 0.7180 0.5699 1.6828 60.6795 -8.2190 -3.4837 -1.6000 0.2783
Pedestrian 0.5352 0.4520 1.6066 81.1402 -13.4851 -4.1498 1.6755 0.2528
Cyclist 0.7572 1.6923 1.5003 58.2604 -9.0265 -3.4683 4.2026 0.2067
Pedestrian 0.6821 0.4262 1.5657 36.3196 -7.7089 -2.7425 -1.4910 0.1945
Pedestrian 0.5251 0.5446 1.6112 80.5791 -14.6282 -4.1569 4.7672 0.1840
Pedestrian 0.5165 0.4773 1.6707 26.7311 -13.8864 -0.7051 4.3559 0.1785
Pedestrian 0.7111 0.5131 1.6890 14.8372 -9.7474 -1.7216 -1.5205 0.1442
Pedestrian 0.2491 0.2334 1.4969 1.4538 -6.4433 -1.6868 -0.4057 0.1332
Pedestrian 0.4284 0.3656 1.5634 9.5684 -35.9218 -0.8273 2.1589 0.1250
Pedestrian 0.4992 0.3650 1.6194 -79.7493 -6.8303 -0.3816 1.6576 0.1246
Pedestrian 0.4773 0.4039 1.6072 33.7956 32.0505 -0.9965 3.2995 0.1174
Pedestrian 0.5955 0.4461 1.8073 79.5938 26.9516 -2.9524 -1.6579 0.1098
Pedestrian 0.7475 0.6853 1.6394 82.1672 -14.2680 -4.3600 1.6839 0.1082
Pedestrian 0.5956 0.4854 1.6249 53.8126 4.5688 -3.6085 4.7543 0.1075
Pedestrian 0.4956 0.4739 1.5965 -2.7631 -7.1032 -1.3927 -1.5329 0.1070
Pedestrian 0.4107 0.3194 1.5612 55.5954 -10.4959 -3.5343 -1.4109 0.1047
Pedestrian 0.4113 0.3547 1.5610 3.3641 -17.2096 -1.3819 -1.4926 0.1021
Pedestrian 0.5107 0.4796 1.6272 -64.4362 -4.8652 -0.2635 1.5814 0.1018
Pedestrian 0.5380 0.4932 1.6344 82.6673 26.7719 -4.3880 4.7159 0.1001
