Car 2.1220 4.2926 1.6733 12.5910 -0.3843 -1.8619 4.7288 0.9647
Car 2.0684 4.2721 1.5041 -13.0052 0.3009 -1.2179 4.7557 0.9569
Car 1.9403 4.2216 1.7555 -3.3456 3.5941 -1.4089 4.7324 0.9553
Car 1.8914 4.2151 1.4956 11.5775 7.0716 -1.7687 4.7270 0.9537
Car 1.9986 4.3187 1.5013 37.2972 -3.5285 -2.8021 4.6245 0.9478
Car 2.0102 4.2413 1.5260 35.0150 3.6456 -2.6272 4.7214 0.9386
Car 1.9324 4.6948 1.9300 -23.1118 4.3328 -0.9620 4.7821 0.9341
Truck 3.1704 12.1281 3.2939 -14.1888 -3.5318 -1.2990 4.7366 0.9319
Car 1.7986 4.1815 1.4771 -35.1316 4.9508 -0.7594 4.7734 0.9215
Car 1.8485 4.2610 1.5066 -35.2793 1.3939 -0.7332 4.8055 0.8885
Car 1.8546 4.3066 1.5509 -43.1420 2.8382 -0.4942 4.7947 0.8725
Car 2.4202 4.8109 2.2744 -14.2894 3.9086 -1.2423 4.8150 0.8503
Truck 3.0762 10.5310 3.2201 79.1593 22.0557 -4.7085 1.6010 0.8400
Car 1.8498 4.2467 1.4797 60.9329 -3.2172 -3.4900 4.6488 0.8368
Car 1.9461 4.2955 1.8014 30.3835 0.0560 -2.4806 4.6600 0.8254
Car 2.0819 4.4378 1.7410 71.1397 16.1934 -4.3081 1.6375 0.8180
Car 2.1565 4.3254 1.5077 -25.4217 0.4993 -0.9977 4.8272 0.7939
Car 2.1366 4.3556 1.4755 -25.0040 -4.1369 -1.0990 4.6230 0.7847
Car 1.9634 4.3815 1.5873 51.3255 4.5686 -3.3214 4.7225 0.7565
Car 1.8848 4.3618 1.5451 77.6923 19.1447 -4.5353 1.6838 0.7371
Car 1.8265 4.2409 1.6132 -69.7276 5.9298 0.0644 4.6986 0.7358
Pedestrian 0.5946 0.8965 1.6322 -15.8091 -9.6844 -0.9238 1.6130 0.7353
Truck 2.9013 10.2339 2.8507 -1.6353 34.1295 -1.6761 2.1622 0.6999
Truck 2.1392 6.4020 2.1774 8.0177 -3.8286 -1.7618 4.7017 0.6773
Car 1.8477 4.2627 1.6530 -50.9785 3.6803 -0.5097 4.7767 0.6544
Car 1.8839 4.3095 1.6275 -60.0367 4.3070 -0.0688 4.7940 0.6266
Car 1.8026 4.2104 1.4670 -35.4070 -7.7702 -1.5939 4.9673 0.6066
Truck 2.6879 6.7429 2.6267 57.6460 0.7303 -3.3804 4.6648 0.5444
Pedestrian 0.5157 0.3977 1.6982 -67.6122 -5.3710 0.0894 1.6082 0.4785
Pedestrian 0.5850 0.6109 1.6588 -68.0467 -6.1393 -0.0380 1.6239 0.4700
Car 1.8454 4.2551 1.5248 84.2210 -8.8572 -4.2174 4.7048 0.4419
Car 2.0340 4.3890 1.8831 42.1111 -21.8552 -1.0504 2.2644 0.4024
Pedestrian 0.8981 0.7476 1.7208 63.5294 9.8510 -2.9247 -1.7093 0.3982
Pedestrian 0.3644 0.3621 1.6117 14.2357 -10.0504 -1.7797 -1.4216 0.3821
Pedestrian 0.3733 0.3802 1.6164 14.3122 -9.3712 -1.7117 4.8749 0.3725
Car 1.8774 4.3276 1.5541 31.5674 32.5478 -1.7154 4.7714 0.3539
Truck 3.9538 12.4768 4.2767 18.4462 42.4983 -1.0926 4.6786 0.3076
Pedestrian 0.7076 0.5315 1.5804 60.2942 -8.2487 -3.5092 -1.7125 0.2015
Pedestrian 0.4923 0.4998 1.5473 -24.7878 -12.5961 -1.0819 1.5305 0.1849
Pedestrian 0.3264 0.3460 1.5336 -14.6636 -10.5247 -0.9143 -1.5666 0.1771
Pedestrian 0.5198 0.4402 1.6530 26.3255 -13.8921 -0.6219 4.2194 0.1491
Pedestrian 0.4586 0.4064 1.6199 -77.6924 -28.2883 -2.1111 -1.4650 0.1206
Pedestrian 0.5802 0.3692 1.5834 35.7502 -7.6416 -2.7212 -1.5776 0.1118
Pedestrian 0.7424 0.4778 1.8155 10.7938 -6.6653 -1.0273 5.4110 0.1106
Pedestrian 0.4057 0.4045 1.5538 -21.5501 -11.4241 -0.9467 1.5402 0.1036
Pedestrian 0.6733 0.5615 1.5799 57.4289 -9.3215 -3.4786 4.9492 0.1031
Pedestrian 0.2218 0.1894 1.4929 1.0199 -6.4566 -1.6547 6.2771 0.1005
