Car 1.8581 4.2255 1.5122 14.1709 7.0080 -1.8490 4.7355 0.9640
Car 2.0381 4.2963 1.4826 -12.4094 0.3974 -1.2134 4.7872 0.9639
Car 2.1624 4.2618 1.7009 11.6389 -0.3921 -1.8096 4.7430 0.9574
Car 1.9813 4.2830 1.4939 32.4743 3.4629 -2.6035 4.7156 0.9465
Car 1.8179 4.1666 1.4816 -33.0941 5.0679 -0.8498 4.8206 0.9432
Truck 3.2214 12.2195 3.4107 -12.7804 -3.5075 -1.3490 4.7389 0.9357
Car 1.9442 4.2205 1.7893 -1.9357 3.5346 -1.4158 4.7384 0.9355
Car 1.9211 4.7396 1.9493 -21.4452 4.4180 -1.1318 4.7681 0.9308
Car 1.9248 4.3473 1.5858 33.9376 -3.7350 -2.7285 4.6294 0.9275
Car 1.8648 4.2478 1.4917 -32.7084 1.4677 -0.8565 4.7784 0.9006
Car 2.3697 4.7037 2.2253 -12.5395 4.0173 -1.2396 4.8451 0.8999
Car 2.0642 4.3173 1.5876 -22.9625 0.4440 -1.1281 4.8096 0.8979
Car 1.9500 4.3836 1.5348 57.0450 -3.4246 -3.3834 4.6526 0.8941
Car 1.8826 4.2899 1.5510 -40.8520 2.9632 -0.6018 4.8097 0.8777
Car 1.9352 4.3620 1.6501 77.0541 15.7715 -4.3632 1.6232 0.8535
Truck 3.2018 10.8848 3.2601 86.4180 21.6653 -4.7831 1.5877 0.8247
Pedestrian 0.5147 0.6846 1.6035 -1.2502 -11.4100 -1.2223 1.6310 0.8014
Car 1.9276 4.3520 1.5288 82.4832 18.8378 -4.5524 1.5590 0.7930
Car 2.0584 4.3314 1.4701 -22.7694 -3.9699 -1.1770 4.7051 0.7865
Car 1.8821 4.3255 1.5353 47.7523 4.3014 -3.1165 4.6951 0.7860
Car 1.9148 4.3195 1.7708 28.5976 -0.2698 -2.3439 4.6895 0.7808
Truck 2.8028 6.9096 2.8352 53.9534 0.3893 -3.3300 4.6783 0.7164
Car 1.8730 4.2852 1.6185 -48.4694 3.7447 -0.5603 4.8117 0.7133
Pedestrian 0.7133 0.7866 1.6487 -12.5263 -9.9582 -1.0272 1.6029 0.6782
Truck 2.8152 10.0527 2.7217 3.3838 32.4662 -1.6388 2.0460 0.6579
Truck 2.1133 6.0279 2.1909 7.2128 -3.6881 -1.7962 4.7101 0.6117
Pedestrian 0.7251 0.8581 1.6112 -11.2418 -10.9596 -1.0715 4.8767 0.6018
Car 1.8511 4.2782 1.6115 -58.1640 4.3712 -0.1726 4.8411 0.5710
Car 1.8740 4.3077 1.6584 -70.1235 5.9038 -0.0431 4.7653 0.5685
Car 1.9912 4.2936 1.5170 -33.4240 -8.1058 -1.6007 4.6376 0.4309
Car 2.0305 5.0944 2.0003 24.6102 39.0279 -0.9044 4.7112 0.4023
Car 1.8905 4.2761 1.5388 66.8257 -37.2252 0.0774 4.6785 0.3628
Car 1.8773 4.3166 1.5632 86.4683 -8.8478 -4.2411 1.6197 0.3396
Pedestrian 0.5430 0.3874 1.6354 -87.8635 -4.6302 0.5290 1.8264 0.3379
Car 1.8291 4.2864 1.5263 76.4168 -18.3290 -3.5014 4.7980 0.3251
Car 1.8389 4.3152 1.5258 87.8902 -18.0013 -4.0395 4.8648 0.3024
Pedestrian 0.9211 0.7092 1.8741 66.1134 9.7889 -3.1023 -1.2402 0.2948
Pedestrian 0.5544 0.4509 1.6764 -66.3349 -5.9965 -0.0210 1.4915 0.2846
Pedestrian 0.6574 0.4145 1.5876 62.6588 -8.3021 -3.4052 -1.7834 0.2752
Pedestrian 0.5669 0.4700 1.6002 50.7292 4.3112 -3.5174 -1.5131 0.2366
Pedestrian 0.6742 0.4617 1.6694 -65.8293 -5.3510 -0.1637 1.5461 0.2135
Pedestrian 0.3903 0.3505 1.6009 -61.5910 -4.8614 -0.3039 1.5559 0.1733
Pedestrian 0.2617 0.2320 1.4441 3.5835 -6.5004 -1.6076 5.8265 0.1655
Pedestrian 0.6253 0.3844 1.5915 38.3077 -7.8321 -2.7498 -1.5690 0.1577
Pedestrian 0.6327 0.4433 1.5279 14.2450 -13.7039 -1.9713 -1.4218 0.1553
Pedestrian 0.5886 0.5532 1.5909 36.1180 14.3222 -2.7518 4.6715 0.1435
Pedestrian 0.6448 0.5511 1.6547 -87.5028 -3.4419 0.3957 1.8136 0.1421
Pedestrian 0.4259 0.4128 1.5547 34.0996 -8.7377 -2.7536 -1.5331 0.1399
Pedestrian 0.5509 0.3660 1.5895 -77.5836 -1.0751 -0.2237 -1.5230 0.1378
Pedestrian 0.5516 0.4875 1.6429 -76.0748 -32.0413 -1.6998 1.4607 0.1375
Pedestrian 0.4770 0.3417 1.5669 57.7203 -10.6365 -3.4984 -1.5663 0.1281
Pedestrian 0.6161 0.5952 1.5722 60.0126 -9.4291 -3.5380 4.5915 0.1269
Pedestrian 0.5094 0.4685 1.7561 25.0287 -33.4179 -1.1109 5.0232 0.1192
Pedestrian 0.3901 0.3917 1.6585 -13.9243 -6.9018 -0.5602 -1.5541 0.1166
Pedestrian 0.3692 0.3557 1.5650 11.9941 -17.1601 -1.5704 3.0478 0.1028
