Car 1.8492 4.1931 1.4775 13.1480 7.0225 -1.8294 4.7392 0.9669
Car 2.1394 4.3036 1.6904 11.7626 -0.3924 -1.8250 4.7419 0.9633
Car 2.0789 4.3295 1.5080 -12.5338 0.3487 -1.2092 4.7933 0.9558
Car 1.9379 4.2892 1.8270 -2.5816 3.5557 -1.4379 4.7301 0.9500
Car 1.8637 4.2808 1.4805 34.7690 -3.6539 -2.6824 4.6265 0.9481
Car 1.9881 4.2162 1.4566 33.0910 3.5093 -2.5381 4.7261 0.9444
Truck 3.1415 12.3193 3.3829 -13.3485 -3.4396 -1.4451 4.7401 0.9369
Car 1.8446 4.1834 1.4711 -33.9105 4.9934 -0.8304 4.7954 0.9329
Car 1.9209 4.7165 1.8995 -22.0024 4.3443 -1.0836 4.7745 0.9115
Car 1.8413 4.2220 1.4885 -33.7496 1.4028 -0.8189 4.7482 0.9061
Car 1.8663 4.2690 1.4994 -41.7393 2.9702 -0.5796 4.8055 0.8922
Car 1.9548 4.3478 1.6411 74.9687 15.9400 -4.2207 1.6147 0.8738
Car 2.4158 4.7935 2.2589 -13.2047 3.9732 -1.2269 4.8169 0.8595
Car 2.0479 4.3419 1.5260 -23.9915 0.4427 -1.0769 4.8112 0.8558
Car 1.9218 4.3327 1.5096 58.1157 -3.4884 -3.4361 4.7258 0.8482
Car 1.9801 4.3512 1.7408 28.9569 -0.0562 -2.3625 4.6853 0.8324
Car 1.9705 4.5997 1.5986 48.7900 4.4665 -3.2078 4.7096 0.8300
Car 1.8796 4.3585 1.5324 80.7733 19.0259 -4.5457 1.5620 0.8019
Truck 2.9902 10.1602 3.1779 83.6340 21.7819 -4.4973 1.6006 0.7712
Truck 2.8270 10.2538 2.7697 1.4142 32.9653 -1.6037 2.0627 0.7646
Pedestrian 0.4906 0.4872 1.6405 -2.4927 -11.3839 -1.1482 4.7062 0.7612
Pedestrian 0.4529 0.4703 1.7109 -12.5487 -10.7546 -0.9841 4.7610 0.7346
Car 2.0760 4.3208 1.4739 -23.6570 -4.1430 -1.1097 4.5676 0.7120
Car 1.8647 4.3132 1.5812 -69.6652 5.9432 -0.1552 4.6818 0.7069
Pedestrian 0.5599 0.6611 1.6583 -13.7996 -9.8263 -0.9495 1.6397 0.6816
Car 1.8698 4.2623 1.5688 -49.4406 3.7628 -0.5956 4.8329 0.6810
Truck 2.8044 6.8500 2.8610 54.9013 0.4901 -3.2541 4.7042 0.6739
Car 1.9309 4.3111 1.6091 -58.6544 4.2812 -0.1436 4.8185 0.6058
Car 2.1913 5.8513 2.2927 7.3799 -3.7788 -1.7760 4.7237 0.5769
Car 1.8004 4.2303 1.4845 -34.1652 -8.1366 -1.6189 4.6635 0.4119
Pedestrian 0.5497 0.3784 1.6577 -66.4448 -5.3674 -0.2282 -1.4660 0.3856
Car 1.8561 4.3200 1.5536 23.1409 -21.8175 -2.2679 4.0612 0.3588
Car 1.9530 4.4001 1.5447 55.0964 -14.0419 -3.5968 0.3569 0.3152
Car 1.8048 4.2786 1.4935 75.3558 -18.2758 -3.7329 4.7612 0.3129
Cyclist 0.6768 1.7170 1.6614 -88.8633 -3.6316 0.2671 1.6263 0.2914
Pedestrian 0.6513 0.6307 1.6977 -66.9782 -6.1264 -0.2449 4.7969 0.2582
Pedestrian 0.7940 0.4982 1.7066 61.6982 -8.2681 -3.4965 -1.7147 0.2574
Pedestrian 1.0325 0.6813 1.8719 65.0676 9.9552 -3.1497 -1.5487 0.2495
Pedestrian 0.5451 0.4566 1.6688 -89.3570 -4.7655 0.3075 1.7339 0.2354
Pedestrian 0.4012 0.4171 1.6181 16.2032 -9.4183 -1.7099 4.7915 0.2043
Pedestrian 0.5166 0.3766 1.5982 -78.5917 -6.7536 -0.4360 1.7149 0.2029
Pedestrian 0.2233 0.1889 1.4596 2.5364 -6.4785 -1.6287 5.0868 0.1556
Pedestrian 0.7009 0.3897 1.5905 37.3152 -7.7438 -2.7158 -1.5877 0.1554
Pedestrian 0.3126 0.2928 1.5454 34.8061 32.0596 -1.0304 -1.5913 0.1467
Pedestrian 0.5496 0.5215 1.5457 -2.4695 -13.6722 -1.1023 -0.2403 0.1354
Pedestrian 0.3591 0.3424 1.5392 33.0252 -8.7111 -2.6144 -1.5464 0.1258
Pedestrian 0.7109 0.6343 1.5920 59.0222 -9.3599 -3.5011 4.7341 0.1233
Pedestrian 0.3941 0.3482 1.5703 10.7453 -35.9319 -0.8813 -1.1250 0.1208
Pedestrian 0.6809 0.7075 1.6415 70.4496 13.2577 -3.3373 1.4861 0.1132
Pedestrian 0.5071 0.3811 1.5755 56.7486 -10.4975 -3.5599 -1.5285 0.1118
Pedestrian 0.9728 0.5132 1.6678 84.9919 -17.3962 -4.1128 -1.4696 0.1104
Pedestrian 0.5081 0.3702 1.5715 11.0811 -37.1983 -1.2149 -1.3980 0.1060
Pedestrian 0.6525 0.4366 1.6422 27.8783 -13.9744 -0.5751 4.1506 0.1053
